10 1006.67 1 500 500 2.11653e-317 0.196367 0.186731 1022.58 1024 1022.58 1024 0 120 58 62 -0.0332463 -0.140082 -0.00843337 -0.0231763 -0.0289723
20 1022.26 1 500 500 2.11653e-317 0.20918 0.20108 1032.99 1036.2 1032.99 1036.2 0 181 84 97 -0.0246779 -0.112915 -0.0141516 -0.0323856 -0.0338426
30 1022.11 1 500 500 2.11653e-317 0.220621 0.215208 1040.27 1041.2 1040.27 1041.2 0 206 100 106 -0.037246 -0.131548 -0.000366344 -0.0289312 -0.0331946
40 1030.85 1 500 500 2.11653e-317 0.230373 0.224631 1043.73 1044.2 1043.73 1044.2 0 221 107 114 -0.0262158 -0.105373 -0.00257715 -0.0293632 -0.0294505
50 1037.6 1 500 500 2.11653e-317 0.239189 0.233797 1048.23 1048.8 1048.23 1048.8 0 244 115 129 -0.0218229 -0.095662 0.0010579 -0.0252207 -0.0295348
60 1033.76 1 500 500 2.11653e-317 0.248655 0.242268 1048.54 1048.8 1048.54 1048.8 0 244 114 130 -0.0298216 -0.115625 0.0165107 -0.0177166 -0.0282792
70 1043.03 1 500 500 2.11653e-317 0.258661 0.254395 1052.63 1054.4 1052.63 1054.4 0 272 136 136 -0.0209608 -0.0559129 -0.00755684 -0.0218905 -0.0230105
80 1045.98 1 500 500 2.11653e-317 0.273545 0.268989 1058.07 1060.6 1058.07 1060.6 0 303 156 147 -0.0267076 -0.0150369 -0.0257925 -0.0216171 -0.0232779
90 1059.66 1 500 500 2.11653e-317 0.292201 0.284579 1071.69 1074 1071.69 1074 0 370 196 174 -0.0263839 0.00287402 -0.036982 -0.0268484 -0.0178613
100 1075.32 1 500 500 2.11653e-317 0.30917 0.30183 1085.14 1087.2 1085.14 1087.2 1 436 224 212 -0.0217017 -0.0129715 -0.0309858 -0.0283981 -0.0182974
110 1080.13 1 497 503 2.11653e-317 0.326896 0.318253 1090.27 1093.2 1090.27 1093.2 4 466 243 223 -0.0232058 0.0179358 -0.0614883 -0.0242313 -0.0251928
120 1087.17 1 493 507 2.11653e-317 0.347619 0.330166 1097.65 1099.6 1097.65 1099.6 7 498 275 223 -0.0229139 0.0370748 -0.0844592 -0.0219231 -0.0287684
130 1088.38 1 493 507 2.11653e-317 0.368264 0.350165 1104.9 1107.6 1104.9 1107.6 8 538 297 241 -0.0357313 0.10688 -0.161791 -0.0315645 -0.0245202
140 1097.3 1 491 509 2.11653e-317 0.386221 0.371995 1109.33 1111.2 1109.33 1111.2 13 556 325 231 -0.0259296 0.0346511 -0.098878 -0.0281985 -0.0274951
150 1103.14 1 490 510 2.11653e-317 0.418411 0.395762 1118.01 1115.8 1118.01 1115.8 3 579 324 255 -0.0275226 0.0678835 -0.139178 -0.0241302 -0.0296601
160 1101.48 1 493 507 2.11653e-317 0.438594 0.409942 1114.79 1115 1114.79 1115 7 575 313 262 -0.0268239 -0.00488259 -0.0500703 -0.025503 -0.0243151
170 1101.09 1 493 507 2.11653e-317 0.457218 0.427808 1111.66 1111.8 1111.66 1111.8 1 559 304 255 -0.0212836 0.00399301 -0.0691772 -0.0251419 -0.0317546
180 1092.32 1 495 505 2.11653e-317 0.479291 0.442061 1104.07 1103.2 1104.07 1103.2 4 516 282 234 -0.02262 -0.0152569 -0.0375182 -0.0249233 -0.0264122
190 1088.77 1 497 503 2.11653e-317 0.502714 0.456608 1102.83 1100.8 1102.83 1100.8 2 504 268 236 -0.0260847 0.00295477 -0.0517645 -0.0250791 -0.0217805
200 1092.9 1 495 505 2.11653e-317 0.525895 0.478456 1108.53 1109.4 1108.53 1109.4 7 547 287 260 -0.0321271 -0.00650687 -0.0424733 -0.0217203 -0.0252108
210 1093.95 1 495 505 2.11653e-317 0.550023 0.495469 1103.73 1107.2 1103.73 1107.2 3 536 288 248 -0.0230224 0.00814893 -0.0615647 -0.0249595 -0.0255226
220 1092.37 1 496 504 2.11653e-317 0.571235 0.513225 1104.71 1104.4 1104.71 1104.4 5 522 270 252 -0.0243701 -0.0243371 -0.0214963 -0.0213747 -0.0245929
230 1084.16 1 500 500 2.11653e-317 0.598739 0.533087 1098.69 1101 1098.69 1101 6 505 280 225 -0.0313752 0.0562591 -0.108539 -0.0337148 -0.0169176
240 1096.68 1 499 501 2.11653e-317 0.622412 0.568053 1107.7 1110.6 1107.7 1110.6 4 553 297 256 -0.0249318 0.0882692 -0.156209 -0.0366614 -0.01665
250 1100.7 1 496 504 2.11653e-317 0.641568 0.592277 1111.86 1111.8 1111.86 1111.8 8 559 296 263 -0.0222683 0.0820413 -0.161811 -0.0280913 -0.023913
260 1103.08 1 492 508 2.11653e-317 0.667364 0.618939 1113.1 1116.4 1113.1 1116.4 4 582 337 245 -0.0233413 0.0584043 -0.127883 -0.0278269 -0.0245656
270 1109.83 1 490 510 2.11653e-317 0.698451 0.643161 1120.95 1121.6 1120.95 1121.6 4 608 359 249 -0.0228957 0.0219206 -0.0860068 -0.0254641 -0.02609
280 1105.66 1 490 510 2.11653e-317 0.727028 0.659807 1117.2 1120.4 1117.2 1120.4 6 602 343 259 -0.0262726 0.0108531 -0.0683762 -0.0238792 -0.0214903
290 1104.15 1 489 511 2.11653e-317 0.750553 0.67759 1115.11 1116.2 1115.11 1116.2 3 581 338 243 -0.023016 0.0167501 -0.0774584 -0.0244738 -0.0247353
300 1101.42 1 491 509 2.11653e-317 0.782957 0.696621 1109.57 1108.6 1109.57 1108.6 5 543 307 236 -0.0153262 -0.053336 0.0157867 -0.0207169 -0.0250492
310 1080.7 1 495 505 2.11653e-317 0.79198 0.703161 1092.85 1092.8 1092.85 1092.8 4 464 255 209 -0.0242551 -0.0445613 0.00329809 -0.0213929 -0.0205472
320 1077.97 1 495 505 2.11653e-317 0.806983 0.71615 1086.18 1089.4 1086.18 1089.4 2 447 245 202 -0.0196429 0.00454114 -0.0476064 -0.0209015 -0.0265916
330 1076.47 1 494 506 2.11653e-317 0.824532 0.742845 1089.13 1092.2 1089.13 1092.2 4 461 259 202 -0.0284027 0.00353374 -0.0427385 -0.0219674 -0.0220488
340 1084.87 1 496 504 2.11653e-317 0.84293 0.764649 1094.88 1098.2 1094.88 1098.2 3 491 259 232 -0.0233361 0.0365052 -0.0738908 -0.0185544 -0.0221146
350 1095.61 1 496 504 2.11653e-317 0.869296 0.79673 1105.54 1106.6 1105.54 1106.6 1 533 289 244 -0.0209193 0.00303749 -0.0465246 -0.0253167 -0.0193088
360 1097.98 1 496 504 2.11653e-317 0.884111 0.817936 1106.07 1109 1106.07 1109 9 545 306 239 -0.0191122 0.0258856 -0.0803693 -0.0239137 -0.0256682
370 1106.59 1 496 504 2.11653e-317 0.918748 0.84309 1114.16 1115.6 1114.16 1115.6 6 578 310 268 -0.0165895 0.0435775 -0.10175 -0.0277419 -0.0208941
380 1105.24 1 494 506 2.11653e-317 0.939324 0.863492 1116.07 1118.2 1116.07 1118.2 3 591 333 258 -0.0237842 0.00372159 -0.0581881 -0.0272073 -0.0215081
390 1106.7 1 492 508 2.11653e-317 0.952651 0.886409 1119.7 1123.2 1119.7 1123.2 6 616 349 267 -0.0295058 0.0443306 -0.106334 -0.0212429 -0.0232509
400 1110.89 1 494 506 2.11653e-317 0.976553 0.911416 1121.01 1119 1121.01 1119 2 595 341 254 -0.0182261 0.0836559 -0.164854 -0.0257973 -0.0177244
410 1114.73 1 494 506 2.11653e-317 1.00279 0.94427 1123.34 1129.8 1123.34 1129.8 4 649 352 297 -0.0236865 0.080839 -0.159602 -0.0258461 -0.0198086
420 1107.81 1 493 507 2.11653e-317 1.02363 0.950349 1118.56 1118.6 1118.56 1118.6 4 593 321 272 -0.0215423 0.0234335 -0.0891753 -0.0172436 -0.023857
430 1105.21 1 494 506 2.11653e-317 1.04867 0.969482 1113.34 1116.4 1113.34 1116.4 3 582 313 269 -0.0193185 0.0364148 -0.0941619 -0.0199901 -0.0218049
440 1108.2 1 496 504 2.11653e-317 1.06347 1.0023 1115.55 1122 1115.55 1122 2 610 322 288 -0.0211438 0.0207453 -0.0791904 -0.0220746 -0.0219805
450 1111.22 1 496 504 2.11653e-317 1.09231 1.03126 1121.01 1120.8 1121.01 1120.8 5 604 323 281 -0.0193755 0.0291405 -0.0924512 -0.022381 -0.0231726
460 1114.09 1 496 504 2.11653e-317 1.11596 1.06863 1124.37 1131 1124.37 1131 4 655 341 314 -0.0271951 0.0560915 -0.124045 -0.0217347 -0.0199335
470 1118.21 1 494 506 2.11653e-317 1.15239 1.09126 1129.81 1128.6 1129.81 1128.6 4 643 359 284 -0.0219934 0.0565387 -0.141352 -0.0226944 -0.0248888
480 1112.05 1 494 506 2.11653e-317 1.18552 1.11049 1126.24 1126.8 1126.24 1126.8 7 634 355 279 -0.0289279 0.0175838 -0.0822354 -0.0206265 -0.0242178
490 1110.82 1 492 508 2.11653e-317 1.19885 1.12637 1119.36 1120.8 1119.36 1120.8 4 604 324 280 -0.0185185 -0.00139534 -0.0485867 -0.0190609 -0.021259
500 1107.51 1 494 506 2.11653e-317 1.22349 1.14842 1118.3 1118.8 1118.3 1118.8 2 594 313 281 -0.0220743 -0.030983 -0.00926516 -0.0195593 -0.0243667
510 1097.64 1 496 504 2.11653e-317 1.23458 1.15843 1108.76 1108.4 1108.76 1108.4 1 542 279 263 -0.0218733 -0.0461161 0.0110482 -0.0167719 -0.0242952
520 1087.42 1 499 501 2.11653e-317 1.2429 1.17925 1098.34 1097.8 1098.34 1097.8 1 489 256 233 -0.0213013 -0.0157829 -0.0225028 -0.0226775 -0.0156224
530 1088.86 1 497 503 2.11653e-317 1.26537 1.196 1096.08 1096.4 1096.08 1096.4 3 482 265 217 -0.0147582 0.0419387 -0.0777524 -0.0222718 -0.0147837
540 1097.77 1 495 505 2.11653e-317 1.30132 1.22213 1102.85 1104.6 1102.85 1104.6 7 523 282 241 -0.0119117 0.0288811 -0.0696435 -0.0227757 -0.0193998
550 1095.76 1 493 507 2.11653e-317 1.31772 1.2433 1105.54 1106.6 1105.54 1106.6 4 533 302 231 -0.0206063 0.0430209 -0.083844 -0.0181569 -0.0168488
560 1101.06 1 494 506 2.11653e-317 1.3421 1.27113 1107.11 1108.2 1107.11 1108.2 4 541 296 245 -0.013185 0.0747829 -0.12919 -0.020668 -0.0198781
570 1102.76 1 491 509 2.11653e-317 1.37413 1.30347 1109.19 1116 1109.19 1116 4 580 320 260 -0.0196726 0.0645826 -0.108677 -0.0216233 -0.0190521
580 1111.67 1 493 507 2.11653e-317 1.41665 1.33836 1119.98 1122.4 1119.98 1122.4 3 612 327 285 -0.0190453 0.0417471 -0.104394 -0.0215316 -0.0209559
590 1110.05 1 492 508 2.11653e-317 1.43849 1.35367 1118.69 1118 1118.69 1118 4 590 333 257 -0.0165829 0.00544035 -0.051445 -0.0213786 -0.0176321
600 1098.01 1 491 509 2.11653e-317 1.45608 1.36072 1109.9 1107.4 1109.9 1107.4 3 537 296 241 -0.0212796 -0.0437837 0.0119962 -0.0175888 -0.0214914
610 1086.91 1 493 507 2.11653e-317 1.45105 1.37178 1093.32 1093.4 1093.32 1093.4 4 467 252 215 -0.0129074 -0.0362618 0.00102695 -0.016192 -0.0197389
620 1081.37 1 495 505 2.11653e-317 1.47584 1.3847 1090.56 1091.6 1090.56 1091.6 2 458 251 207 -0.019428 0.00644542 -0.0338756 -0.0132293 -0.0176244
630 1083.77 1 495 505 2.11653e-317 1.49933 1.41248 1091.62 1094.6 1091.62 1094.6 2 473 262 211 -0.018684 -0.0101131 -0.0253441 -0.0171638 -0.0193033
640 1086.48 1 496 504 2.11653e-317 1.52971 1.42901 1095.56 1098.4 1095.56 1098.4 3 492 272 220 -0.0210106 0.0239304 -0.0601052 -0.0241129 -0.0151588
650 1099.01 1 493 507 2.11653e-317 1.55968 1.46468 1104.79 1111.4 1104.79 1111.4 1 557 294 263 -0.0181772 0.0432622 -0.0854356 -0.0206971 -0.0237501
660 1104.64 1 494 506 2.11653e-317 1.58305 1.47796 1109.86 1110.6 1109.86 1110.6 2 553 298 255 -0.0111735 -0.00491867 -0.0323175 -0.0159058 -0.0186669
670 1096.49 1 495 505 2.11653e-317 1.59901 1.48456 1103.33 1102.8 1103.33 1102.8 3 514 263 251 -0.0131461 -0.0543024 0.0267533 -0.0107386 -0.0196395
680 1069.43 1 497 503 2.11653e-317 1.57676 1.46247 1077.43 1078.8 1077.43 1078.8 3 394 202 192 -0.0173732 -0.0806075 0.040653 -0.0133648 -0.01735
690 1056.54 1 498 502 2.11653e-317 1.58026 1.46217 1065.26 1063.8 1065.26 1063.8 2 319 159 160 -0.0159868 -0.0964252 0.041262 -0.0132688 -0.0179182
700 1054.9 1 500 500 2.11653e-317 1.59609 1.47617 1062.11 1064.2 1062.11 1064.2 1 321 153 168 -0.016521 -0.125872 0.0494816 -0.0144231 -0.0149723
710 1047.01 1 501 499 2.11653e-317 1.6056 1.48129 1057.52 1058.8 1057.52 1058.8 4 294 135 159 -0.0223088 -0.106258 0.0361502 -0.0161839 -0.014331
720 1052.35 1 502 498 2.11653e-317 1.63159 1.50909 1059.7 1065.6 1059.7 1065.6 5 328 153 175 -0.0206027 -0.0569093 0.00256012 -0.01718 -0.0189787
730 1053.21 1 501 499 2.11653e-317 1.64437 1.52088 1059.67 1059.2 1059.67 1059.2 4 296 140 156 -0.0124367 -0.0657878 0.0119669 -0.0138438 -0.0179029
740 1045.39 1 502 498 2.11653e-317 1.64956 1.53165 1053.2 1053.4 1053.2 1053.4 0 267 126 141 -0.0158278 -0.0710348 0.0133329 -0.0165367 -0.0139886
750 1045.37 1 502 498 2.11653e-317 1.65357 1.55146 1051.15 1052.2 1051.15 1052.2 5 261 131 130 -0.0126068 -0.0447856 0.00190081 -0.016217 -0.0107727
760 1049.55 1 500 500 2.11653e-317 1.67196 1.56948 1055.54 1057.2 1055.54 1057.2 2 286 141 145 -0.0136347 -0.0154492 -0.014374 -0.0151869 -0.0142429
770 1050.62 1 500 500 2.11653e-317 1.69016 1.58845 1059.66 1061 1059.66 1061 1 305 153 152 -0.0194283 -0.0451845 0.000658857 -0.0169871 -0.0127769
780 1056.21 1 498 502 2.11653e-317 1.70784 1.60121 1060.53 1062.6 1060.53 1062.6 6 313 161 152 -0.0107104 -0.0313812 -0.00430806 -0.0141959 -0.0136444
790 1056.95 1 498 502 2.11653e-317 1.72286 1.61505 1061.05 1063.6 1061.05 1063.6 2 318 159 159 -0.0107579 -0.0688559 0.0115901 -0.0159324 -0.016874
800 1051.29 1 499 501 2.11653e-317 1.73398 1.63326 1060.25 1065.6 1060.25 1065.6 3 328 162 166 -0.0232763 -0.0527741 0.0042588 -0.0154092 -0.0178164
810 1054.76 1 500 500 2.11653e-317 1.75501 1.63845 1061.8 1063 1061.8 1063 2 315 146 169 -0.0152684 -0.0524086 0.0015875 -0.0161379 -0.0198883
820 1059.58 1 502 498 2.11653e-317 1.78464 1.66258 1065.74 1069.2 1065.74 1069.2 2 346 165 181 -0.0157907 -0.0689451 0.0117513 -0.0170549 -0.0181941
830 1052.08 1 500 500 2.11653e-317 1.79103 1.67173 1060.82 1063.2 1060.82 1063.2 2 316 154 162 -0.0198696 -0.0614458 0.0126529 -0.0139136 -0.0167992
840 1056.55 1 500 500 2.11653e-317 1.80683 1.68935 1061.27 1063.2 1061.27 1063.2 0 316 150 166 -0.011365 -0.0570258 0.0108336 -0.0134604 -0.0135954
850 1051.64 1 502 498 2.11653e-317 1.82144 1.69355 1058.55 1058 1058.55 1058 2 290 138 152 -0.0132705 -0.0974482 0.0278894 -0.0181425 -0.0163145
860 1047.04 1 502 498 2.11653e-317 1.82947 1.70424 1054.06 1053 1054.06 1053 0 265 123 142 -0.0129746 -0.115376 0.0368732 -0.0125667 -0.0178465
870 1040.13 1 502 498 2.11653e-317 1.82994 1.71129 1046.14 1047.8 1046.14 1047.8 1 239 103 136 -0.0136796 -0.134707 0.048071 -0.0104122 -0.0133599
880 1034.05 1 503 497 2.11653e-317 1.83127 1.71846 1041.51 1043.2 1041.51 1043.2 5 216 93 123 -0.0166076 -0.137905 0.0405107 -0.0096971 -0.0181661
890 1038.47 1 504 496 2.11653e-317 1.85008 1.73054 1043.27 1044.6 1043.27 1044.6 4 223 96 127 -0.0109321 -0.108331 0.0269271 -0.0167914 -0.0123673
900 1036.95 1 503 497 2.11653e-317 1.8566 1.74182 1041.55 1043 1041.55 1043 3 215 85 130 -0.0106469 -0.139991 0.0361072 -0.0119443 -0.0134112
910 1037.64 1 505 495 2.11653e-317 1.86684 1.75462 1041.34 1043.6 1041.34 1043.6 3 218 89 129 -0.00966156 -0.105039 0.0266278 -0.0132243 -0.00958736
920 1034.25 1 502 498 2.11653e-317 1.87594 1.7678 1041.55 1044.6 1041.55 1044.6 1 223 97 126 -0.0176458 -0.138115 0.0388501 -0.0103139 -0.0135771
930 1037.06 1 503 497 2.11653e-317 1.89144 1.77858 1042.29 1044.2 1042.29 1044.2 0 221 92 129 -0.0123647 -0.125766 0.0284421 -0.0130729 -0.0161094
940 1040.09 1 504 496 2.11653e-317 1.9047 1.79215 1044.48 1045.6 1044.48 1045.6 2 228 98 130 -0.0099031 -0.113866 0.0275396 -0.015717 -0.0126084
950 1036.86 1 502 498 2.11653e-317 1.90694 1.79371 1042.88 1042 1042.88 1042 1 210 90 120 -0.0111536 -0.167259 0.0518784 -0.0101341 -0.0114608
960 1034.87 1 503 497 2.11653e-317 1.91043 1.7969 1039.78 1040.2 1039.78 1040.2 3 201 88 113 -0.0102489 -0.138118 0.0392227 -0.0107457 -0.0101159
970 1035.98 1 501 499 2.11653e-317 1.92036 1.81976 1041.02 1042.4 1041.02 1042.4 2 212 94 118 -0.0114605 -0.0942745 0.0197225 -0.00975747 -0.0137318
980 1040.78 1 502 498 2.11653e-317 1.93857 1.83772 1044.27 1046 1044.27 1046 2 230 110 120 -0.00871381 -0.0963297 0.0220255 -0.0136882 -0.0104204
990 1042 1 501 499 2.11653e-317 1.94795 1.85568 1045.89 1046.4 1045.89 1046.4 0 232 106 126 -0.00828678 -0.0482778 0.00111354 -0.0136032 -0.013409
1000 1047.29 1 501 499 2.11653e-317 1.9669 1.87999 1050.09 1055.4 1050.09 1055.4 5 277 127 150 -0.0109143 -0.0288966 -0.00863675 -0.0148902 -0.0147009
1010 1052.49 1 500 500 2.11653e-317 1.99709 1.9039 1057.48 1060.4 1057.48 1060.4 2 302 145 157 -0.0128974 -0.0262748 -0.00939598 -0.0136301 -0.0162681
1020 1052.11 1 499 501 2.11653e-317 2.01797 1.92789 1060.24 1063.4 1060.24 1063.4 2 317 160 157 -0.0194169 -0.0461728 0.0018247 -0.0126504 -0.0170976
1030 1059.1 1 500 500 2.11653e-317 2.04486 1.95296 1064.67 1067 1064.67 1067 4 335 172 163 -0.0134789 -0.074343 0.0208459 -0.0152555 -0.0113983
1040 1055.45 1 501 499 2.11653e-317 2.05314 1.95549 1061.45 1063 1061.45 1063 1 315 148 167 -0.0135625 -0.0412339 0.0026428 -0.0121428 -0.0149583
1050 1053.64 1 502 498 2.11653e-317 2.0578 1.96216 1058.92 1061.4 1058.92 1061.4 0 307 148 159 -0.0130381 -0.0823814 0.0265142 -0.0111259 -0.0129511
1060 1054.92 1 501 499 2.11653e-317 2.06695 1.97993 1059.08 1062.6 1059.08 1062.6 3 313 156 157 -0.0118361 -0.026742 -0.00561028 -0.0138867 -0.0121649
1070 1055.49 1 499 501 2.11653e-317 2.09238 2.00201 1063.48 1066.6 1063.48 1066.6 3 333 164 169 -0.0191033 -0.0137454 -0.0141458 -0.0145037 -0.0135096
1080 1064.01 1 497 503 2.11653e-317 2.12998 2.03087 1072.19 1076.2 1072.19 1076.2 2 381 196 185 -0.0203682 0.0186334 -0.0380393 -0.0142598 -0.0179321
1090 1077.09 1 497 503 2.11653e-317 2.16338 2.05939 1082.58 1084.2 1082.58 1084.2 0 421 239 182 -0.0125974 0.0195894 -0.0425757 -0.0195373 -0.0124433
1100 1076.06 1 495 505 2.11653e-317 2.18865 2.08298 1082.08 1085.6 1082.08 1085.6 7 428 234 194 -0.0155557 -0.00877963 -0.0220624 -0.0181323 -0.0143417
1110 1079.77 1 496 504 2.11653e-317 2.21586 2.09731 1084.68 1086.4 1084.68 1086.4 2 432 228 204 -0.0115367 -0.0132202 -0.0148948 -0.0135288 -0.0147897
1120 1079.04 1 498 502 2.11653e-317 2.23735 2.12417 1089.35 1091 1089.35 1091 1 455 241 214 -0.022278 0.0120276 -0.0362497 -0.0143251 -0.0144346
1130 1090.42 1 497 503 2.11653e-317 2.27085 2.15397 1097.71 1099.4 1097.71 1099.4 3 497 263 234 -0.0162625 0.00706145 -0.0376079 -0.0179316 -0.0145115
1140 1087.42 1 496 504 2.11653e-317 2.28549 2.16913 1094.39 1094.2 1094.39 1094.2 1 471 245 226 -0.013754 -0.0455737 0.0138451 -0.0146414 -0.0168321
1150 1077.79 1 496 504 2.11653e-317 2.28356 2.16789 1084.28 1084 1084.28 1084 0 420 213 207 -0.0127026 -0.0681352 0.0300924 -0.00689799 -0.0208178
1160 1066.21 1 499 501 2.11653e-317 2.28361 2.16894 1074.06 1076.4 1074.06 1076.4 3 382 190 192 -0.0180482 -0.0928851 0.0448044 -0.0145417 -0.0159121
1170 1052.49 1 502 498 2.11653e-317 2.27885 2.14682 1062.16 1061 1062.16 1061 0 305 139 166 -0.0181891 -0.132112 0.0663028 -0.0157142 -0.0139764
1180 1046.31 1 501 499 2.11653e-317 2.28285 2.14505 1056.05 1055.8 1056.05 1055.8 4 279 140 139 -0.019225 -0.127846 0.0474627 -0.0149314 -0.0149634
1190 1038.64 1 503 497 2.11653e-317 2.27475 2.14152 1043.23 1047.4 1043.23 1047.4 4 237 115 122 -0.0133485 -0.108945 0.0318901 -0.0208456 -0.00966649
1200 1036.95 1 502 498 2.11653e-317 2.28991 2.15619 1044.59 1047 1044.59 1047 0 235 104 131 -0.0176981 -0.0990419 0.0213145 -0.0166572 -0.0133961
1210 1034.94 1 502 498 2.11653e-317 2.29151 2.16908 1041.69 1044.6 1041.69 1044.6 1 223 101 122 -0.0164141 -0.115443 0.0279899 -0.0123952 -0.0122335
1220 1040.07 1 502 498 2.11653e-317 2.30548 2.18187 1043.6 1045.6 1043.6 1045.6 1 228 110 118 -0.00905458 -0.0999547 0.0230025 -0.0130638 -0.0107616
1230 1033.54 1 500 500 2.11653e-317 2.30414 2.2043 1039.9 1046.8 1039.9 1046.8 4 234 117 117 -0.0196156 -0.135934 0.0346281 -0.0132222 -0.0157651
1240 1037.12 1 501 499 2.11653e-317 2.32427 2.21925 1042.72 1046.2 1042.72 1046.2 3 231 115 116 -0.0146771 -0.105294 0.0254684 -0.014008 -0.0148218
1250 1034.11 1 501 499 2.11653e-317 2.32811 2.2319 1040.99 1044 1040.99 1044 1 220 104 116 -0.0167716 -0.104371 0.0246797 -0.0130993 -0.0118719
1260 1043.41 1 501 499 2.11653e-317 2.35464 2.25965 1046.64 1048.6 1046.64 1048.6 1 243 118 125 -0.00842342 -0.0771715 0.012063 -0.0128655 -0.0144107
1270 1043.71 1 500 500 2.11653e-317 2.37761 2.29325 1050.2 1054 1050.2 1054 0 270 139 131 -0.0167758 -0.0533959 0.00239508 -0.0156573 -0.0129155
1280 1051.94 1 500 500 2.11653e-317 2.39606 2.32603 1054.69 1058.8 1054.69 1058.8 3 294 146 148 -0.00959912 -0.00112899 -0.0167013 -0.0126286 -0.0109324
1290 1054.85 1 500 500 2.11653e-317 2.4199 2.358 1061.47 1063.6 1061.47 1063.6 3 318 162 156 -0.0153668 -0.0159713 -0.00958306 -0.0133597 -0.0101505
1300 1062.28 1 500 500 2.11653e-317 2.441 2.3812 1066.78 1068.6 1066.78 1068.6 0 343 164 179 -0.010812 -0.017712 -0.0104646 -0.0119809 -0.0140505
1310 1061.67 1 500 500 2.11653e-317 2.45223 2.39682 1065.4 1069.2 1065.4 1069.2 2 346 175 171 -0.0112472 -0.0238673 -0.00643335 -0.0144759 -0.0112919
1320 1067.08 1 500 500 2.11653e-317 2.47143 2.41982 1069.49 1071.4 1069.49 1071.4 1 357 181 176 -0.00672773 -0.0406831 0.00656735 -0.0149263 -0.00822736
1330 1068.45 1 498 502 2.11653e-317 2.50258 2.44846 1074.8 1076.4 1074.8 1076.4 1 382 186 196 -0.0142946 -0.00204587 -0.0200662 -0.0103409 -0.0160013
1340 1066 1 500 500 2.11653e-317 2.5184 2.44928 1075.01 1074 1075.01 1074 1 370 180 190 -0.0170159 -0.0456661 0.0140388 -0.0114635 -0.00857528
1350 1062.86 1 502 498 2.11653e-317 2.51856 2.45489 1069.7 1069.8 1069.7 1069.8 2 349 170 179 -0.0137796 -0.0469445 0.0122983 -0.010227 -0.0122231
1360 1059.66 1 500 500 2.11653e-317 2.53269 2.46804 1067.02 1068 1067.02 1068 1 340 161 179 -0.0156979 -0.0598969 0.0184209 -0.0107355 -0.0127275
1370 1058.9 1 503 497 2.11653e-317 2.54192 2.47415 1064.1 1064.4 1064.1 1064.4 1 322 153 169 -0.0106877 -0.0931083 0.0347354 -0.0135712 -0.0100068
1380 1053.91 1 502 498 2.11653e-317 2.54584 2.47986 1058.74 1059 1058.74 1059 2 295 136 159 -0.00992537 -0.0891424 0.0316993 -0.0136731 -0.0111275
1390 1040.98 1 503 497 2.11653e-317 2.53469 2.48821 1050.23 1056.2 1050.23 1056.2 5 281 136 145 -0.0244645 -0.0651375 0.0121237 -0.0177076 -0.00882963
1400 1048.13 1 502 498 2.11653e-317 2.54602 2.4954 1052.01 1053.2 1052.01 1053.2 1 266 125 141 -0.0089497 -0.0822428 0.0271248 -0.011112 -0.00878024
1410 1049.41 1 503 497 2.11653e-317 2.56736 2.51902 1054.86 1059 1054.86 1059 5 295 139 156 -0.0150354 -0.0631995 0.0143631 -0.0137262 -0.00980138
1420 1048.36 1 503 497 2.11653e-317 2.5795 2.53198 1054.29 1055.4 1054.29 1055.4 5 277 128 149 -0.0129586 -0.0833742 0.0250058 -0.0133792 -0.0102891
1430 1051.04 1 503 497 2.11653e-317 2.5923 2.54712 1055.22 1056.4 1055.22 1056.4 0 282 125 157 -0.0095338 -0.0748612 0.0211113 -0.0116818 -0.0101964
1440 1053.6 1 501 499 2.11653e-317 2.61112 2.56254 1057.68 1059.2 1057.68 1059.2 2 296 142 154 -0.00967321 -0.0338736 -0.000904821 -0.0112438 -0.012922
1450 1052.96 1 501 499 2.11653e-317 2.62754 2.5826 1059.65 1060.8 1059.65 1060.8 2 304 139 165 -0.014534 -0.0623657 0.0133319 -0.0115572 -0.0134085
1460 1053.75 1 501 499 2.11653e-317 2.63711 2.58847 1058.87 1059.2 1058.87 1059.2 1 296 138 158 -0.0105648 -0.0826618 0.0248194 -0.00982532 -0.0144923
1470 1052.6 1 502 498 2.11653e-317 2.65002 2.60708 1056.55 1059 1056.55 1059 2 295 135 160 -0.0103537 -0.0690843 0.0204641 -0.00905872 -0.0123519
1480 1054.27 1 502 498 2.11653e-317 2.66889 2.61511 1059.26 1058.6 1059.26 1058.6 0 293 141 152 -0.00931774 -0.106218 0.0389112 -0.0112065 -0.0122753
1490 1047.83 1 502 498 2.11653e-317 2.66856 2.61676 1053.47 1055 1053.47 1055 2 275 131 144 -0.0128098 -0.0812841 0.0273899 -0.00919781 -0.0107965
1500 1051.15 1 503 497 2.11653e-317 2.68297 2.63408 1053.71 1057.6 1053.71 1057.6 4 288 133 155 -0.00900816 -0.0799938 0.0222759 -0.0105074 -0.0122447
1510 1055.01 1 503 497 2.11653e-317 2.70624 2.64255 1058.03 1057.6 1058.03 1057.6 1 288 130 158 -0.00560088 -0.0904077 0.0302079 -0.0122729 -0.00906945
1520 1045.65 1 502 498 2.11653e-317 2.69615 2.6455 1051.48 1054.2 1051.48 1054.2 3 271 116 155 -0.0143876 -0.0781843 0.0219716 -0.0130472 -0.0096933
1530 1048.11 1 504 496 2.11653e-317 2.71063 2.66064 1052.54 1057.2 1052.54 1057.2 3 286 120 166 -0.0135196 -0.0636654 0.0145535 -0.0105768 -0.00879769
1540 1052.32 1 503 497 2.11653e-317 2.73022 2.6744 1056.67 1057.8 1056.67 1057.8 0 289 136 153 -0.00982152 -0.0663163 0.0153048 -0.010905 -0.0112145
1550 1046.56 1 501 499 2.11653e-317 2.72704 2.68282 1051.53 1052.8 1051.53 1052.8 2 264 124 140 -0.0112034 -0.0751846 0.0204174 -0.0139119 -0.00929741
1560 1047.91 1 503 497 2.11653e-317 2.74318 2.69436 1052.73 1053.2 1052.73 1053.2 0 266 115 151 -0.010118 -0.0629515 0.0177858 -0.00917058 -0.00805325
1570 1049.53 1 502 498 2.11653e-317 2.7616 2.71672 1056.08 1056.8 1056.08 1056.8 1 284 124 160 -0.0138329 -0.101635 0.0338949 -0.00912825 -0.0117286
1580 1045.02 1 503 497 2.11653e-317 2.75857 2.72191 1051.97 1055 1051.97 1055 2 275 125 150 -0.0169229 -0.0578137 0.0126464 -0.00928811 -0.0132147
1590 1048.59 1 503 497 2.11653e-317 2.77685 2.72944 1054.03 1053.6 1054.03 1053.6 0 268 124 144 -0.0104537 -0.0917338 0.027397 -0.0113486 -0.0088951
1600 1045.78 1 503 497 2.11653e-317 2.77993 2.73421 1051.17 1052 1051.17 1052 3 260 105 155 -0.0116109 -0.0932299 0.0302498 -0.0104554 -0.00929977
1610 1045.99 1 505 495 2.11653e-317 2.78872 2.74206 1050.32 1052.2 1050.32 1052.2 1 261 108 153 -0.0105464 -0.0362007 0.00205502 -0.0118865 -0.00814365
1620 1053.94 1 505 495 2.11653e-317 2.81639 2.77473 1056.77 1062.8 1056.77 1062.8 1 314 130 184 -0.0116941 0.00244486 -0.0176223 -0.0138255 -0.0085231
1630 1061.56 1 504 496 2.11653e-317 2.85813 2.82053 1067.88 1073.2 1067.88 1073.2 1 366 171 195 -0.0179632 0.0159633 -0.028917 -0.0154593 -0.0102888
1640 1069.47 1 504 496 2.11653e-317 2.8978 2.85992 1075.09 1078.8 1075.09 1078.8 2 394 196 198 -0.0149424 -0.00652622 -0.0178338 -0.0184643 -0.00805134
1650 1074.65 1 502 498 2.11653e-317 2.92314 2.88891 1078.38 1081.6 1078.38 1081.6 2 408 209 199 -0.0106901 -0.00427946 -0.0201953 -0.0206195 -0.00621687
1660 1071.82 1 502 498 2.11653e-317 2.92585 2.89632 1074.97 1077.4 1074.97 1077.4 1 387 192 195 -0.00872609 -0.0409916 0.00648183 -0.0191612 -0.00808826
1670 1068.23 1 501 499 2.11653e-317 2.92686 2.90908 1072.3 1074.8 1072.3 1074.8 2 374 186 188 -0.0106437 -0.0596878 0.0205447 -0.0114784 -0.012744
1680 1063.31 1 502 498 2.11653e-317 2.92502 2.90872 1067.65 1069 1067.65 1069 2 345 171 174 -0.0100342 -0.0736411 0.0262814 -0.0152405 -0.0123229
1690 1054.38 1 500 500 2.11653e-317 2.91517 2.9118 1060.39 1063.4 1060.39 1063.4 2 317 153 164 -0.0150312 -0.053434 0.0139881 -0.0113557 -0.0113695
1700 1059.92 1 500 500 2.11653e-317 2.93618 2.92973 1063.98 1065 1063.98 1065 0 325 153 172 -0.00914586 -0.088807 0.036164 -0.00625258 -0.0111485
1710 1053.75 1 501 499 2.11653e-317 2.94311 2.93194 1061.3 1061.4 1061.3 1061.4 5 307 140 167 -0.0151926 -0.103959 0.0449913 -0.00824352 -0.00902102
1720 1052.96 1 503 497 2.11653e-317 2.94002 2.92586 1056.25 1056.6 1056.25 1056.6 2 283 118 165 -0.0069251 -0.118597 0.0474704 -0.0110252 -0.00960571
1730 1050.33 1 504 496 2.11653e-317 2.95545 2.93819 1057.08 1056.4 1057.08 1056.4 1 282 116 166 -0.0128179 -0.122578 0.0433643 -0.0122797 -0.011503
1740 1054.02 1 505 495 2.11653e-317 2.97772 2.96134 1058.6 1060 1058.6 1060 1 300 126 174 -0.0105678 -0.0997682 0.0341356 -0.00947291 -0.0138903
1750 1051.82 1 505 495 2.11653e-317 2.98164 2.96531 1056.67 1056 1056.67 1056 0 280 120 160 -0.00901902 -0.101934 0.0398452 -0.0111007 -0.0098595
1760 1050.24 1 504 496 2.11653e-317 2.98422 2.98239 1053.4 1056 1053.4 1056 0 280 119 161 -0.0089171 -0.0675372 0.0173447 -0.0128042 -0.00832283
1770 1052.2 1 503 497 2.11653e-317 3.00468 3.0043 1057.44 1059.4 1057.44 1059.4 3 297 129 168 -0.0124491 -0.066703 0.0177378 -0.0103797 -0.0105522
1780 1055 1 504 496 2.11653e-317 3.0273 3.03051 1060.54 1062.4 1060.54 1062.4 3 312 145 167 -0.0129355 -0.0576114 0.0129521 -0.012175 -0.0096012
1790 1059.43 1 503 497 2.11653e-317 3.05668 3.06075 1066.44 1067.8 1066.44 1067.8 0 339 155 184 -0.0153819 -0.0464293 0.0101333 -0.0110682 -0.00972429
1800 1055.84 1 502 498 2.11653e-317 3.053 3.06201 1062.03 1063.6 1062.03 1063.6 0 318 141 177 -0.0139444 -0.0725128 0.0306086 -0.00530966 -0.0114576
1810 1052.54 1 502 498 2.11653e-317 3.05528 3.06292 1055.81 1059.8 1055.81 1059.8 2 299 138 161 -0.0105236 -0.103265 0.0414398 -0.00923942 -0.0120795
1820 1056.23 1 504 496 2.11653e-317 3.0839 3.0795 1059.46 1059.6 1059.46 1059.6 1 298 128 170 -0.00660415 -0.103989 0.0387772 -0.0105262 -0.0107154
1830 1044.93 1 504 496 2.11653e-317 3.06712 3.0647 1050 1051.2 1050 1051.2 0 256 118 138 -0.0113439 -0.0886268 0.0331888 -0.0127917 -0.0043285
1840 1043.37 1 502 498 2.11653e-317 3.07464 3.08168 1048.89 1049.6 1048.89 1049.6 1 248 115 133 -0.0117618 -0.0794664 0.0198382 -0.0146339 -0.00782719
1850 1046.01 1 502 498 2.11653e-317 3.08086 3.09587 1049.64 1050.4 1049.64 1050.4 1 252 111 141 -0.00801317 -0.0419125 0.00294904 -0.00954965 -0.0121023
1860 1050.07 1 501 499 2.11653e-317 3.11529 3.11659 1054.17 1054.6 1054.17 1054.6 1 273 122 151 -0.00861887 -0.0906979 0.0278046 -0.00851151 -0.010306
1870 1049.8 1 502 498 2.11653e-317 3.13042 3.12232 1053.82 1052.4 1053.82 1052.4 1 262 129 133 -0.00662123 -0.0729915 0.0235242 -0.00825207 -0.0101448
1880 1049.74 1 500 500 2.11653e-317 3.1378 3.13557 1052.58 1054 1052.58 1054 2 270 125 145 -0.00708967 -0.0464214 0.0085296 -0.00859725 -0.0094023
1890 1049.56 1 502 498 2.11653e-317 3.15668 3.15976 1054.74 1058.4 1054.74 1058.4 3 292 138 154 -0.0140296 -0.0486965 0.00585371 -0.0121404 -0.00985506
1900 1054.18 1 502 498 2.11653e-317 3.18074 3.17913 1058.06 1060.8 1058.06 1060.8 2 304 144 160 -0.0105047 -0.0730153 0.0194194 -0.0143554 -0.00927122
1910 1053.32 1 501 499 2.11653e-317 3.19157 3.19035 1056.91 1059 1056.91 1059 1 295 136 159 -0.00928203 -0.0783286 0.0254143 -0.00733339 -0.0119775
1920 1049.38 1 502 498 2.11653e-317 3.20043 3.21166 1055.07 1063 1055.07 1063 0 315 151 164 -0.0193224 -0.0607189 0.0136464 -0.0138379 -0.0104654
1930 1059.12 1 501 499 2.11653e-317 3.2364 3.23112 1062.69 1063.2 1062.69 1063.2 0 316 148 168 -0.00766341 -0.0693301 0.020944 -0.00946865 -0.0131063
1940 1056.48 1 501 499 2.11653e-317 3.24484 3.23817 1061.85 1061.2 1061.85 1061.2 0 306 146 160 -0.0100929 -0.0757739 0.0283696 -0.00779385 -0.0106643
1950 1053.89 1 501 499 2.11653e-317 3.24677 3.25481 1059.22 1061.8 1059.22 1061.8 2 309 148 161 -0.0132378 -0.0648538 0.0202635 -0.0102323 -0.00950228
1960 1048.38 1 501 499 2.11653e-317 3.23846 3.24365 1053.17 1055.6 1053.17 1055.6 0 278 134 144 -0.0120132 -0.0838615 0.0325542 -0.00879435 -0.00921897
1970 1047.19 1 501 499 2.11653e-317 3.25186 3.25643 1053.45 1053.4 1053.45 1053.4 0 267 121 146 -0.0124767 -0.0997852 0.0344433 -0.0103872 -0.00985282
1980 1042.42 1 502 498 2.11653e-317 3.24352 3.2583 1046.76 1049.6 1046.76 1049.6 3 248 115 133 -0.011515 -0.114053 0.0375297 -0.0110267 -0.0100135
1990 1043.58 1 502 498 2.11653e-317 3.25199 3.26942 1045.47 1048.6 1045.47 1048.6 3 243 112 131 -0.00691589 -0.0913158 0.0266146 -0.0127371 -0.00783844
2000 1042.87 1.5 501 499 2.11653e-317 2.17738 4.39108 1046.3 2100.8 1046.3 1050.4 1 252 118 134 -0.0184974 -0.0751573 0.0173789 -0.0106976 -0.0111777
2010 1042.57 1.5 500 500 2.11653e-317 2.18769 4.4079 1046.53 2096 1046.53 1048 2 240 95 145 -0.0148127 -0.09365 0.0201334 -0.622786 0.593417
2020 1039.94 1.5 500 500 2.11653e-317 2.19294 4.41754 1044.85 2094 1044.85 1047 3 235 101 134 -0.0190202 -0.0435557 -0.00112202 -0.684286 0.656327
2030 1036.44 1.5 497 503 2.11653e-317 2.19585 4.42895 1042.71 2088.8 1042.71 1044.4 1 222 94 128 -0.0221956 -0.10007 0.0137194 -0.69155 0.645424
2040 1042.01 1.5 496 504 2.11653e-317 2.20901 4.46259 1045.56 2096.8 1045.56 1048.4 2 242 104 138 -0.0163218 -0.148975 0.0340117 -0.693936 0.644026
2050 1034.08 1.5 493 507 2.11653e-317 2.20227 4.45523 1039.23 2088 1039.23 1044 5 220 88 132 -0.0249902 -0.0773206 0.0111392 -0.67789 0.628275
2060 1044.19 1.5 487 513 2.11653e-317 2.22602 4.50343 1046.73 2098.4 1046.73 1049.2 3 246 99 147 -0.0125715 -0.0665813 0.00240406 -0.66698 0.599537
2070 1045.25 1.5 485 515 2.11653e-317 2.23742 4.53576 1048.39 2103.2 1048.39 1051.6 3 258 104 154 -0.0158299 -0.0867416 0.0112031 -0.660536 0.584094
2080 1048.8 1.5 484 516 2.11653e-317 2.24796 4.56661 1051.12 2103.2 1051.12 1051.6 1 258 108 150 -0.00790525 -0.0622367 0.00377947 -0.655279 0.58077
2090 1050.42 1.5 482 518 2.11653e-317 2.26122 4.6176 1054.09 2111.6 1054.09 1055.8 4 279 120 159 -0.0144332 -0.109623 0.0239116 -0.656573 0.572033
2100 1038.23 1.5 478 522 2.11653e-317 2.24823 4.59632 1043.61 2090.4 1043.61 1045.2 4 226 90 136 -0.0193329 -0.190754 0.0648432 -0.642025 0.553972
2110 1033.06 1.5 477 523 2.11653e-317 2.24527 4.59643 1037.99 2077.6 1037.99 1038.8 2 194 76 118 -0.0164217 -0.188071 0.0543569 -0.632586 0.538575
2120 1032.75 1.5 477 523 2.11653e-317 2.25185 4.62032 1037.17 2081.6 1037.17 1040.8 1 204 75 129 -0.0205095 -0.192256 0.05425 -0.629371 0.542943
2130 1038.81 1.5 476 524 2.11653e-317 2.27726 4.66377 1041.51 2094.4 1041.51 1047.2 1 236 93 143 -0.01947 -0.131916 0.0223357 -0.627752 0.531332
2140 1041.86 1.5 474 526 2.11653e-317 2.29268 4.6964 1045.46 2102.4 1045.46 1051.2 1 256 95 161 -0.0222889 -0.00528324 -0.0283064 -0.61984 0.517486
2150 1053 1.5 469 531 2.11653e-317 2.32521 4.76439 1059.44 2123.2 1059.44 1061.6 2 308 114 194 -0.023642 -0.0441517 -0.0117587 -0.609261 0.496213
2160 1058.1 1.5 467 533 2.11653e-317 2.33903 4.79924 1063.48 2131.6 1063.48 1065.8 2 329 122 207 -0.0207836 -5.82815e-005 -0.0353386 -0.607059 0.489482
2170 1069.21 1.5 464 536 2.11653e-317 2.36451 4.86562 1071.49 2146.8 1071.49 1073.4 3 367 142 225 -0.0106422 -0.0343202 -0.00898827 -0.602226 0.48679
2180 1069.76 1.5 462 538 2.11653e-317 2.37663 4.9012 1073.24 2147.6 1073.24 1073.8 2 369 142 227 -0.0115613 -0.0313933 -0.0084011 -0.587362 0.470056
2190 1072.62 1.5 456 544 2.11653e-317 2.3989 4.97518 1079.37 2164.8 1079.37 1082.4 4 412 167 245 -0.0263054 0.0539405 -0.0682771 -0.583385 0.455392
2200 1074.73 1.5 448 552 2.11653e-317 2.40941 5.05382 1081.55 2172.4 1081.55 1086.2 2 431 172 259 -0.0297526 0.0311687 -0.0624847 -0.565058 0.419713
2210 1086.49 1.5 443 557 2.11653e-317 2.45402 5.16018 1094.07 2208 1094.07 1104 3 520 226 294 -0.0425945 0.0726992 -0.112312 -0.557856 0.397825
2220 1110.64 1.5 439 561 2.11653e-317 2.52381 5.2889 1116.77 2241.6 1116.77 1120.8 3 604 260 344 -0.0264583 0.0850201 -0.152084 -0.566151 0.395516
2230 1112.15 1.5 434 566 2.11653e-317 2.5436 5.32482 1118 2238 1118 1119 3 595 250 345 -0.0195617 0.00729887 -0.0635425 -0.545091 0.377544
2240 1112.55 1.5 432 568 2.11653e-317 2.5587 5.37776 1118.26 2243.6 1118.26 1121.8 1 609 260 349 -0.024212 -0.0026418 -0.0551408 -0.541062 0.366259
2250 1113.01 1.5 427 573 2.11653e-317 2.56914 5.39464 1116.75 2235.6 1116.75 1117.8 1 589 247 342 -0.0133324 0.00699171 -0.0562322 -0.511489 0.347243
2260 1102.24 1.5 425 575 2.11653e-317 2.56519 5.4061 1110.1 2226.4 1110.1 1113.2 2 566 233 333 -0.0297725 -0.0165425 -0.0201453 -0.495335 0.334603
2270 1094.26 1.5 419 581 2.11653e-317 2.54114 5.39097 1099.37 2204 1099.37 1102 4 510 199 311 -0.0205725 -0.0315498 -0.0156938 -0.474089 0.300614
2280 1075.06 1.5 415 585 2.11653e-317 2.51703 5.33184 1084.68 2167.6 1084.68 1083.8 3 419 144 275 -0.0270909 -0.0806563 0.0355934 -0.429678 0.271068
2290 1067.18 1.5 413 587 2.11653e-317 2.49294 5.30502 1071.59 2146.4 1071.59 1073.2 2 366 105 261 -0.0164439 -0.0890668 0.0307297 -0.404998 0.250971
2300 1063.8 1.5 409 591 2.11653e-317 2.49487 5.33277 1069.49 2146.4 1069.49 1073.2 3 366 119 247 -0.0244819 -0.042028 -0.00981494 -0.385963 0.229295
2310 1062.36 1.5 409 591 2.11653e-317 2.49779 5.34137 1067.44 2140.4 1067.44 1070.2 1 351 108 243 -0.0207614 -0.109072 0.0379564 -0.383526 0.233862
2320 1059.53 1.5 408 592 2.11653e-317 2.49388 5.33997 1063.18 2127.6 1063.18 1063.8 3 319 100 219 -0.01218 -0.0475003 0.00124422 -0.373992 0.228071
2330 1047.32 1.5 405 595 2.11653e-317 2.47419 5.31956 1053.09 2106.8 1053.09 1053.4 3 267 82 185 -0.01794 -0.118858 0.0387557 -0.36763 0.221863
2340 1040.05 1.5 404 596 2.11653e-317 2.46645 5.31488 1046.77 2097.6 1046.77 1048.8 2 244 71 173 -0.0242286 -0.160927 0.0511743 -0.35758 0.213658
2350 1042.01 1.5 399 601 2.11653e-317 2.46766 5.34564 1045.26 2096 1045.26 1048 1 240 64 176 -0.015244 -0.0822281 0.00263185 -0.343268 0.187654
2360 1050.84 1.5 397 603 2.11653e-317 2.49346 5.40189 1053.59 2110.8 1053.59 1055.4 0 277 80 197 -0.0118855 -0.0179726 -0.0159212 -0.322805 0.185096
2370 1049.24 1.5 392 608 2.11653e-317 2.49834 5.44469 1055.77 2115.6 1055.77 1057.8 2 289 81 208 -0.0236404 -0.0864513 0.0142524 -0.307537 0.169548
2380 1056.03 1.5 391 609 2.11653e-317 2.51199 5.50221 1060.1 2126.8 1060.1 1063.4 3 317 98 219 -0.0188254 -0.0210442 -0.0216506 -0.309312 0.163368
2390 1062.56 1.5 386 614 2.11653e-317 2.53762 5.60475 1068.83 2151.6 1068.83 1075.8 3 379 122 257 -0.0327487 0.0273206 -0.0489257 -0.300476 0.153181
2400 1063.62 1.5 380 620 2.11653e-317 2.53843 5.59222 1066.58 2132.8 1066.58 1066.4 5 332 111 221 -0.00853402 -0.0954681 0.0307964 -0.276619 0.136733
2410 1052.89 1.5 378 622 2.11653e-317 2.52191 5.57292 1057.25 2115.6 1057.25 1057.8 1 289 96 193 -0.0141832 -0.0920811 0.0348485 -0.24819 0.130739
2420 1045.89 1.5 377 623 2.11653e-317 2.50501 5.57097 1050.38 2102.8 1050.38 1051.4 1 257 71 186 -0.0154929 -0.204701 0.0763534 -0.244077 0.120031
2430 1042.72 1.5 375 625 2.11653e-317 2.50769 5.60164 1048.43 2102.4 1048.43 1051.2 5 256 63 193 -0.0226522 -0.183185 0.0609936 -0.22932 0.104302
2440 1038.26 1.5 369 631 2.11653e-317 2.50778 5.62659 1045.05 2097.2 1045.05 1048.6 5 243 75 168 -0.0274581 -0.109254 0.021777 -0.208249 0.0929581
2450 1046.44 1.5 365 635 2.11653e-317 2.52921 5.7086 1052.07 2111.6 1052.07 1055.8 3 279 92 187 -0.0243453 -0.0457658 -0.0093349 -0.19529 0.0795952
2460 1042.82 1.5 362 638 2.11653e-317 2.52115 5.69385 1047.58 2100 1047.58 1050 2 250 76 174 -0.019123 -0.090438 0.015623 -0.176062 0.0706349
2470 1045.2 1.5 359 641 2.11653e-317 2.53426 5.74799 1050.42 2107.6 1050.42 1053.8 0 269 86 183 -0.0224296 -0.0201898 -0.0146927 -0.154815 0.0611774
2480 1055.48 1.5 356 644 2.11653e-317 2.56242 5.82414 1059.93 2122 1059.93 1061 2 305 96 209 -0.0154867 -0.140417 0.0439846 -0.143957 0.0531004
2490 1047.36 1.5 356 644 2.11653e-317 2.55482 5.80904 1052.28 2105.2 1052.28 1052.6 3 263 70 193 -0.0153949 -0.197862 0.0837628 -0.137583 0.0491289
2500 1038.31 1.5 355 645 2.11653e-317 2.54873 5.80476 1044.06 2091.6 1044.06 1045.8 1 229 51 178 -0.0207377 -0.184744 0.0613834 -0.115896 0.036083
2510 1039.21 1.5 354 646 2.11653e-317 2.55939 5.84018 1044.38 2092.4 1044.38 1046.2 3 231 49 182 -0.0191433 -0.123075 0.0258876 -0.107742 0.0301679
2520 1035.14 1.5 353 647 2.11653e-317 2.55711 5.84375 1040.54 2079.6 1040.54 1039.8 1 199 49 150 -0.0147202 -0.180574 0.0492908 -0.10142 0.0281321
2530 1035.72 1.5 352 648 2.11653e-317 2.55564 5.89452 1039.33 2084 1039.33 1042 2 210 40 170 -0.0161841 -0.192991 0.0526963 -0.0919781 0.0239861
2540 1030.71 1.5 350 650 2.11653e-317 2.54874 5.92004 1035.05 2080.8 1035.05 1040.4 0 202 43 159 -0.0237187 -0.25188 0.0679798 -0.0845567 0.0138052
2550 1023.51 1.5 348 652 2.11653e-317 2.53147 5.88939 1028.52 2061.2 1028.52 1030.6 2 153 40 113 -0.0191812 -0.261707 0.0886756 -0.0796239 0.0205095
2560 1024.4 1.5 348 652 2.11653e-317 2.53631 5.92065 1028.14 2060.4 1028.14 1030.2 2 151 32 119 -0.0153525 -0.243356 0.0607295 -0.0839923 0.0129816
2570 1034.65 1.5 348 652 2.11653e-317 2.56401 6.00481 1037.22 2080.4 1037.22 1040.2 2 201 44 157 -0.0136671 -0.187441 0.0397264 -0.0789251 0.0117707
2580 1035.05 1.5 348 652 2.11653e-317 2.57261 6.04579 1038.4 2084.8 1038.4 1042.4 3 212 56 156 -0.0180397 -0.124716 0.0181223 -0.0830165 0.0151444
2590 1037.4 1.5 346 654 2.11653e-317 2.57283 6.0902 1040.15 2088.8 1040.15 1044.4 4 222 58 164 -0.0167564 -0.131565 0.022743 -0.0783536 0.0122875
2600 1040.07 1.5 344 656 2.11653e-317 2.5914 6.12911 1042.52 2093.2 1042.52 1046.6 2 233 61 172 -0.0155196 -0.140598 0.0299797 -0.0704089 0.00799458
2610 1039.32 1.5 343 657 2.11653e-317 2.60731 6.15754 1044.39 2092.4 1044.39 1046.2 7 231 54 177 -0.0188316 -0.180455 0.0529069 -0.0536478 0.0033985
2620 1030.57 1.5 343 657 2.11653e-317 2.59887 6.13546 1038.49 2076.8 1038.49 1038.4 3 192 41 151 -0.0235835 -0.174753 0.0518536 -0.0487029 0.000188113
2630 1031.72 1.5 343 657 2.11653e-317 2.59625 6.14649 1035.81 2073.6 1035.81 1036.8 0 184 41 143 -0.01424 -0.158673 0.0401089 -0.0488544 -0.000583412
2640 1026.71 1.5 341 659 2.11653e-317 2.58882 6.15686 1031.14 2062 1031.14 1031 3 155 30 125 -0.013008 -0.221851 0.0566892 -0.0350263 -0.0087056
2650 1031.95 1.5 341 659 2.11653e-317 2.60186 6.22189 1034.64 2076.8 1034.64 1038.4 4 192 28 164 -0.0155804 -0.287407 0.0848841 -0.0307939 -0.0117449
2660 1036.21 1.5 338 662 2.11653e-317 2.62765 6.26702 1043.93 2083.2 1043.93 1041.6 0 208 43 165 -0.0185109 -0.355828 0.113967 -0.0170381 -0.0214045
2670 1023.49 1.5 341 659 2.11653e-317 2.59982 6.20661 1029.21 2056 1029.21 1028 1 140 27 113 -0.0147468 -0.296188 0.0953285 -0.0327568 -0.0118729
2680 1020.56 1.5 340 660 2.11653e-317 2.60357 6.23101 1026.67 2053.6 1026.67 1026.8 2 134 38 96 -0.0185946 -0.253982 0.0756718 -0.0439127 -0.00757199
2690 1026.98 1.5 340 660 2.11653e-317 2.61552 6.28831 1028.65 2065.6 1028.65 1032.8 3 164 37 127 -0.0133265 -0.184819 0.0379602 -0.046394 -0.00398342
2700 1030.98 1.5 340 660 2.11653e-317 2.63861 6.32295 1036.02 2073.6 1036.02 1036.8 2 184 47 137 -0.0166883 -0.138726 0.0250993 -0.0345189 -0.00599493
2710 1033.04 1.5 338 662 2.11653e-317 2.63715 6.36946 1034.9 2078 1034.9 1039 5 195 47 148 -0.0137951 -0.115132 0.0208345 -0.034846 -0.00495864
2720 1036.42 1.5 337 663 2.11653e-317 2.65168 6.41728 1039.56 2082.8 1039.56 1041.4 1 207 58 149 -0.0131003 -0.0787827 0.00617492 -0.0290905 -0.00985726
2730 1045.11 1.5 337 663 2.11653e-317 2.67769 6.50243 1048.45 2101.2 1048.45 1050.6 3 253 63 190 -0.0143272 -0.127356 0.0212193 -0.0248926 -0.0160719
2740 1044.8 1.5 336 664 2.11653e-317 2.68623 6.57181 1049.89 2109.2 1049.89 1054.6 1 273 75 198 -0.0247042 -0.0631751 0.00375697 -0.0181955 -0.0165846
2750 1058.15 1.5 338 662 2.11653e-317 2.72247 6.62974 1059.49 2122.8 1059.49 1061.4 1 307 78 229 -0.00784017 -0.0631122 0.00351673 -0.0246976 -0.0143857
2760 1055.67 1.5 337 663 2.11653e-317 2.73088 6.66843 1060.79 2126 1060.79 1063 3 315 80 235 -0.0197891 -0.0626221 0.00980997 -0.0146045 -0.0161267
2770 1058.15 1.5 337 663 2.11653e-317 2.73666 6.67863 1061.22 2122 1061.22 1061 7 305 83 222 -0.00877228 -0.113558 0.0397355 -0.0156403 -0.015585
2780 1055.63 1.5 337 663 2.11653e-317 2.73718 6.7179 1058.73 2122.4 1058.73 1061.2 1 306 85 221 -0.0142319 -0.052414 0.00115449 -0.0167712 -0.0179321
2790 1049.75 1.5 338 662 2.11653e-317 2.74603 6.71466 1058 2116 1058 1058 0 290 79 211 -0.0247459 -0.0783793 0.0156925 -0.0192488 -0.0154928
2800 1058.14 1.5 336 664 2.11653e-317 2.758 6.77474 1061.68 2127.6 1061.68 1063.8 0 319 90 229 -0.0148671 -0.0596026 0.0117545 -0.0122996 -0.0136865
2810 1058.3 1.5 336 664 2.11653e-317 2.75959 6.80338 1061.22 2128 1061.22 1064 1 320 97 223 -0.0143155 -0.0499217 0.00144163 -0.0165821 -0.0166667
2820 1051.52 1.5 334 666 2.11653e-317 2.75548 6.79407 1059.07 2118.4 1059.07 1059.2 0 296 90 206 -0.0229165 -0.0666892 0.0131885 -0.0097175 -0.0175417
2830 1053.62 1.5 335 665 2.11653e-317 2.76197 6.81348 1056.4 2118.8 1056.4 1059.4 2 297 84 213 -0.0143386 -0.106812 0.0315213 -0.0184993 -0.0177518
2840 1056.01 1.5 336 664 2.11653e-317 2.78546 6.84884 1060.63 2120.8 1060.63 1060.4 1 302 81 221 -0.0133894 -0.125372 0.0440964 -0.0179563 -0.0148525
2850 1049.78 1.5 338 662 2.11653e-317 2.78198 6.84694 1054.22 2114.4 1054.22 1057.2 1 286 75 211 -0.0192843 -0.10631 0.0376606 -0.017659 -0.0119518
2860 1047.72 1.5 338 662 2.11653e-317 2.78112 6.87039 1051.77 2110 1051.77 1055 2 275 76 199 -0.0186255 -0.0882044 0.0181869 -0.0186704 -0.0163545
2870 1048.69 1.5 337 663 2.11653e-317 2.78809 6.87341 1052.4 2108.4 1052.4 1054.2 5 271 72 199 -0.0147415 -0.0901976 0.0154329 -0.0236422 -0.0144139
2880 1044.73 1.5 337 663 2.11653e-317 2.7845 6.86582 1048.31 2100.8 1048.31 1050.4 3 252 64 188 -0.0149314 -0.081435 0.0204944 -0.0164498 -0.0106925
2890 1048.29 1.5 337 663 2.11653e-317 2.80467 6.91109 1051.17 2106 1051.17 1053 3 265 77 188 -0.0122825 -0.0590971 0.000281996 -0.0262018 -0.01411
2900 1051.74 1.5 336 664 2.11653e-317 2.82172 6.9589 1055.6 2114 1055.6 1057 1 285 88 197 -0.0143831 -0.0296441 -0.0117324 -0.0240732 -0.0142007
2910 1049.65 1.5 334 666 2.11653e-317 2.82227 6.97923 1054.06 2109.6 1054.06 1054.8 2 274 81 193 -0.0147113 -0.111582 0.0303631 -0.0180937 -0.0175869
2920 1051.15 1.5 337 663 2.11653e-317 2.84003 7.02285 1053.66 2112.4 1053.66 1056.2 4 281 80 201 -0.0126033 -0.127837 0.0348892 -0.0277823 -0.0142503
2930 1050.16 1.5 337 663 2.11653e-317 2.85177 7.06881 1054.09 2114.8 1054.09 1057.4 2 287 81 206 -0.018414 -0.079584 0.00849158 -0.0287853 -0.0156022
2940 1040.43 1.5 334 666 2.11653e-317 2.84373 7.05936 1047.19 2102 1047.19 1051 0 255 76 179 -0.0278816 -0.128055 0.0398198 -0.0179322 -0.0149031
2950 1044.99 1.5 336 664 2.11653e-317 2.86741 7.09062 1049.43 2099.2 1049.43 1049.6 2 248 77 171 -0.0136688 -0.17379 0.050754 -0.023031 -0.0177559
2960 1043.17 1.5 336 664 2.11653e-317 2.86851 7.10183 1046.54 2096 1046.54 1048 1 240 58 182 -0.0130389 -0.228355 0.0919649 -0.0219435 -0.0144142
2970 1032.32 1.5 336 664 2.11653e-317 2.84701 7.03736 1036.05 2072.4 1036.05 1036.2 3 181 43 138 -0.0114987 -0.181541 0.0645446 -0.0148947 -0.0123702
2980 1031.95 1.5 336 664 2.11653e-317 2.86316 7.08003 1036.82 2075.6 1036.82 1037.8 1 189 59 130 -0.016576 -0.132672 0.0256404 -0.027342 -0.0116847
2990 1033.34 1.5 336 664 2.11653e-317 2.86392 7.11679 1035.19 2077.2 1035.19 1038.6 5 193 56 137 -0.0123716 -0.155487 0.0363373 -0.024312 -0.0109736
3000 1036.09 1.5 336 664 2.11653e-317 2.88137 7.18156 1040.14 2088.4 1040.14 1044.2 5 221 61 160 -0.0202806 -0.128363 0.0313746 -0.0203924 -0.0117138
3010 1033.12 1.5 336 664 2.11653e-317 2.8765 7.19835 1038.88 2080 1038.88 1040 2 200 62 138 -0.0195192 -0.102833 0.0179811 -0.0201126 -0.0149617
3020 1032.82 1.5 336 664 2.11653e-317 2.8715 7.22642 1035.52 2078.4 1035.52 1039.2 3 196 52 144 -0.0154558 -0.168507 0.042859 -0.0118779 -0.0179362
3030 1033.1 1.5 336 664 2.11653e-317 2.88629 7.23946 1037.14 2076 1037.14 1038 2 190 57 133 -0.0138477 -0.15077 0.0362524 -0.019956 -0.0152966
3040 1034.82 1.5 336 664 2.11653e-317 2.88805 7.27053 1038.12 2076.8 1038.12 1038.4 2 192 60 132 -0.0104474 -0.188291 0.0468504 -0.0207998 -0.0124067
3050 1031.43 1.5 336 664 2.11653e-317 2.88795 7.28658 1035.93 2070.8 1035.93 1035.4 2 177 49 128 -0.0124396 -0.235167 0.0642261 -0.0167687 -0.0169805
3060 1032.89 1.5 336 664 2.11653e-317 2.88752 7.31845 1034.6 2074.8 1034.6 1037.4 1 187 45 142 -0.010729 -0.155864 0.0436972 -0.0106472 -0.0129556
3070 1031.59 1.5 338 662 2.11653e-317 2.90439 7.34934 1035.05 2073.6 1035.05 1036.8 1 184 38 146 -0.0138734 -0.168899 0.0370209 -0.0171798 -0.0161804
3080 1036.88 1.5 338 662 2.11653e-317 2.92367 7.40006 1038.75 2080 1038.75 1040 1 200 54 146 -0.0081162 -0.073897 0.00627113 -0.0225313 -0.0101458
3090 1044.67 1.5 336 664 2.11653e-317 2.95642 7.50351 1049.54 2102 1049.54 1051 0 255 73 182 -0.0175372 0.0297132 -0.0369183 -0.0256026 -0.0136436
3100 1051.78 1.5 334 666 2.11653e-317 2.97702 7.60195 1055.01 2115.6 1055.01 1057.8 2 289 83 206 -0.0152675 -0.0523557 -0.00370823 -0.0103431 -0.0229515
3110 1053.15 1.5 336 664 2.11653e-317 2.99569 7.64816 1056.79 2117.2 1056.79 1058.6 0 293 93 200 -0.0145456 -0.0693727 0.0113192 -0.0196131 -0.011916
3120 1054.38 1.5 337 663 2.11653e-317 3.00663 7.68263 1057.67 2115.6 1057.67 1057.8 1 289 80 209 -0.0101301 -0.0737535 0.018725 -0.0210737 -0.00888883
3130 1052.12 1.5 337 663 2.11653e-317 3.00492 7.7158 1055.6 2115.2 1055.6 1057.6 1 288 93 195 -0.0144513 -0.0513229 0.00237608 -0.0254583 -0.0106898
3140 1053.34 1.5 336 664 2.11653e-317 3.00651 7.7438 1056.71 2117.2 1056.71 1058.6 0 293 84 209 -0.0138833 -0.107603 0.0303854 -0.0238341 -0.0115881
3150 1058.39 1.5 335 665 2.11653e-317 3.02439 7.80289 1060.15 2124 1060.15 1062 3 310 94 216 -0.00898158 -0.0643664 0.00827102 -0.0202799 -0.0147026
3160 1053.55 1.5 334 666 2.11653e-317 3.01815 7.8157 1056.04 2117.6 1056.04 1058.8 1 294 97 197 -0.0129768 -0.0709903 0.0117497 -0.0234549 -0.0137044
3170 1040.76 1.5 334 666 2.11653e-317 3.01261 7.73684 1048.62 2088.8 1048.62 1044.4 0 222 67 155 -0.0151288 -0.20752 0.0810793 -0.0141019 -0.0167908
3180 1039.64 1.5 335 665 2.11653e-317 3.00896 7.80335 1044.76 2098.8 1044.76 1049.4 1 247 72 175 -0.0246248 -0.216877 0.0788697 -0.0161698 -0.0177913
3190 1035.58 1.5 336 664 2.11653e-317 3.00045 7.77924 1039.94 2084 1039.94 1042 1 210 52 158 -0.0172127 -0.212018 0.0689182 -0.0181493 -0.016914
3200 1029.59 1.5 338 662 2.11653e-317 2.99788 7.7676 1035.25 2076.8 1035.25 1038.4 1 192 50 142 -0.0232831 -0.180122 0.0527539 -0.0261239 -0.00828477
3210 1038.47 1.5 337 663 2.11653e-317 3.02168 7.82763 1042.09 2085.2 1042.09 1042.6 2 213 51 162 -0.0118957 -0.158052 0.0410227 -0.0149265 -0.0152135
3220 1029.77 1.5 338 662 2.11653e-317 3.01018 7.79054 1036.27 2070.4 1036.27 1035.2 1 176 45 131 -0.0173455 -0.197881 0.0577246 -0.0186718 -0.0109943
3230 1029.43 1.5 338 662 2.11653e-317 3.00528 7.7928 1033.55 2067.2 1033.55 1033.6 0 168 40 128 -0.0124525 -0.157267 0.0405153 -0.0187819 -0.0116682
3240 1033.76 1.5 338 662 2.11653e-317 3.01894 7.87089 1035.98 2078.4 1035.98 1039.2 2 196 53 143 -0.0130981 -0.122666 0.0265687 -0.0270529 -0.00872304
3250 1030.57 1.5 338 662 2.11653e-317 3.02165 7.86804 1034.87 2072.8 1034.87 1036.4 3 182 43 139 -0.0159678 -0.259315 0.0788183 -0.0252049 -0.00955478
3260 1024.13 1.5 338 662 2.11653e-317 3.00571 7.83467 1028.2 2058.4 1028.2 1029.2 2 146 29 117 -0.0142178 -0.321369 0.0966128 -0.0248302 -0.00743782
3270 1023.84 1.5 337 663 2.11653e-317 3.0076 7.87716 1027.1 2061.2 1027.1 1030.6 1 153 36 117 -0.0167677 -0.316853 0.0934099 -0.0120844 -0.0163303
3280 1024.69 1.5 338 662 2.11653e-317 3.01561 7.8695 1027.87 2054.4 1027.87 1027.2 1 136 28 108 -0.0081915 -0.317762 0.0858612 -0.0194651 -0.0115683
3290 1019.26 1.5 337 663 2.11653e-317 3.00371 7.88321 1023.43 2051.2 1023.43 1025.6 4 128 29 99 -0.0168546 -0.149304 0.0291388 -0.0188501 -0.0121399
3300 1024.26 1.5 336 664 2.11653e-317 3.01647 7.95234 1027.46 2063.6 1027.46 1031.8 1 159 41 118 -0.0182865 -0.270015 0.0670803 -0.0182944 -0.00952908
3310 1022.54 1.5 335 665 2.11653e-317 3.01612 7.9604 1026.13 2057.2 1026.13 1028.6 1 143 36 107 -0.0156992 -0.237755 0.0569214 -0.011274 -0.0133014
3320 1025.83 1.5 335 665 2.11653e-317 3.03317 8.03411 1028.87 2068.4 1028.87 1034.2 1 171 44 127 -0.0197896 -0.12733 0.0204986 -0.0204077 -0.014247
3330 1034.54 1.5 335 665 2.11653e-317 3.06147 8.11796 1036.86 2081.2 1036.86 1040.6 4 203 55 148 -0.0144373 -0.052319 -0.00155859 -0.00829315 -0.0168672
3340 1047.44 1.5 335 665 2.11653e-317 3.09964 8.22145 1048.22 2100.4 1048.22 1050.2 1 251 68 183 -0.00628538 -0.0458907 -0.0019443 -0.0122536 -0.0154529
3350 1042.66 1.5 337 663 2.11653e-317 3.11357 8.23116 1048.61 2100.4 1048.61 1050.2 0 251 64 187 -0.0210351 -0.0721741 0.00877565 -0.0172333 -0.0143845
3360 1039.85 1.5 337 663 2.11653e-317 3.09622 8.21567 1042.68 2089.6 1042.68 1044.8 0 224 57 167 -0.0127384 -0.0794416 0.0150246 -0.0186134 -0.0121896
3370 1039.14 1.5 336 664 2.11653e-317 3.10649 8.24646 1043.82 2090.4 1043.82 1045.2 0 226 58 168 -0.0167971 -0.0937223 0.017938 -0.0114852 -0.0169495
3380 1041.18 1.5 337 663 2.11653e-317 3.11836 8.27127 1044.32 2091.6 1044.32 1045.8 1 229 57 172 -0.0123798 -0.153998 0.0460458 -0.016177 -0.012844
3390 1035.76 1.5 337 663 2.11653e-317 3.11231 8.27402 1040.43 2088 1040.43 1044 2 220 56 164 -0.0211475 -0.112305 0.0306569 -0.0131799 -0.0147687
3400 1042.19 1.5 336 664 2.11653e-317 3.12803 8.31277 1044.94 2092.8 1044.94 1046.4 2 232 61 171 -0.0111671 -0.0779953 0.0141702 -0.0132233 -0.0131926
3410 1037.05 1.5 336 664 2.11653e-317 3.12571 8.31838 1041.35 2087.2 1041.35 1043.6 2 218 59 159 -0.0174002 -0.0993023 0.0193404 -0.0177828 -0.0133338
3420 1035.59 1.5 336 664 2.11653e-317 3.12361 8.33306 1038.63 2083.2 1038.63 1041.6 4 208 54 154 -0.0150501 -0.123417 0.0296801 -0.0165486 -0.0119473
3430 1030.72 1.5 336 664 2.11653e-317 3.1192 8.31666 1034.03 2075.2 1034.03 1037.6 0 188 42 146 -0.0170709 -0.193516 0.0589314 -0.0148681 -0.011313
3440 1030.76 1.5 338 662 2.11653e-317 3.12291 8.34852 1034.54 2072 1034.54 1036 2 180 40 140 -0.0142756 -0.239425 0.0791529 -0.0181098 -0.0117179
3450 1036.62 1.5 337 663 2.11653e-317 3.1488 8.43186 1040.4 2088 1040.4 1044 4 220 58 162 -0.0185489 -0.0900281 0.00847925 -0.0244685 -0.0160783
3460 1039.57 1.5 335 665 2.11653e-317 3.16235 8.4562 1042.97 2090.4 1042.97 1045.2 3 226 63 163 -0.0146558 -0.0617415 0.00289598 -0.017091 -0.01464
3470 1044.17 1.5 334 666 2.11653e-317 3.18012 8.5317 1047.18 2100.8 1047.18 1050.4 2 252 70 182 -0.0154784 -0.0585028 -0.00180906 -0.0134961 -0.0191873
3480 1044.11 1.5 336 664 2.11653e-317 3.18774 8.54022 1047.31 2100.4 1047.31 1050.2 0 251 73 178 -0.0153722 -0.0721863 0.00857056 -0.0154004 -0.0166375
3490 1045.77 1.5 337 663 2.11653e-317 3.20188 8.54402 1049.71 2094.4 1049.71 1047.2 0 236 70 166 -0.00680274 -0.151783 0.0453941 -0.0278834 -0.00836404
3500 1038.02 1.5 339 661 2.11653e-317 3.18555 8.539 1041.14 2086.8 1041.14 1043.4 1 217 51 166 -0.0138884 -0.0706912 0.0108693 -0.0220254 -0.0104053
3510 1040.76 1.5 337 663 2.11653e-317 3.19953 8.5862 1045.31 2095.6 1045.31 1047.8 1 239 60 179 -0.018646 -0.0952746 0.0172081 -0.0169316 -0.0131124
3520 1043.32 1.5 337 663 2.11653e-317 3.20711 8.62694 1045.07 2099.2 1045.07 1049.6 0 248 66 182 -0.0142918 -0.115866 0.0297073 -0.0182094 -0.0100507
3530 1037.58 1.5 336 664 2.11653e-317 3.20032 8.63645 1042.47 2093.2 1042.47 1046.6 0 233 70 163 -0.0229439 -0.0871416 0.0146137 -0.0211046 -0.0137454
3540 1048.22 1.5 336 664 2.11653e-317 3.23379 8.68099 1050.36 2102 1050.36 1051 0 255 82 173 -0.00771512 -0.0941962 0.0182134 -0.0329946 -0.00700018
3550 1047.53 1.5 336 664 2.11653e-317 3.23673 8.68978 1049.68 2100.8 1049.68 1050.4 2 252 76 176 -0.00788567 -0.126802 0.0432608 -0.0209043 -0.00469158
3560 1036.99 1.5 334 666 2.11653e-317 3.21284 8.66253 1041.78 2087.6 1041.78 1043.8 5 219 68 151 -0.0183974 -0.157936 0.0506238 -0.0149685 -0.0148116
3570 1034.97 1.5 334 666 2.11653e-317 3.20517 8.65537 1037.51 2079.6 1037.51 1039.8 0 199 59 140 -0.0121905 -0.140862 0.0398872 -0.0193242 -0.0131938
3580 1035.81 1.5 334 666 2.11653e-317 3.22037 8.71126 1039.52 2087.2 1039.52 1043.6 2 218 62 156 -0.0193018 -0.106061 0.0218287 -0.0143697 -0.0139771
3590 1034.97 1.5 337 663 2.11653e-317 3.23247 8.69816 1037.64 2076.8 1037.64 1038.4 2 192 40 152 -0.00952974 -0.166545 0.0432167 -0.0201977 -0.0128097
3600 1034.07 1.5 337 663 2.11653e-317 3.22975 8.73286 1036.26 2080.4 1036.26 1040.2 2 201 47 154 -0.0144606 -0.121896 0.0304407 -0.014129 -0.00986121
3610 1039.93 1.5 336 664 2.11653e-317 3.25205 8.78034 1043.13 2090 1043.13 1045 2 225 58 167 -0.0133337 -0.171829 0.0440268 -0.0165532 -0.0143912
3620 1040.8 1.5 335 665 2.11653e-317 3.26949 8.82955 1047.1 2097.6 1047.1 1048.8 0 244 67 177 -0.02231 -0.0918364 0.0138665 -0.0103066 -0.0208468
3630 1041.77 1.5 337 663 2.11653e-317 3.27196 8.8151 1045.02 2088.8 1045.02 1044.4 2 222 62 160 -0.00851362 -0.152637 0.052493 -0.0201256 -0.00681781
3640 1042.32 1.5 336 664 2.11653e-317 3.2804 8.88952 1045.55 2098.4 1045.55 1049.2 2 246 66 180 -0.0170022 -0.123438 0.0348602 -0.0102099 -0.0171912
3650 1037.13 1.5 336 664 2.11653e-317 3.26709 8.84758 1041.07 2085.6 1041.07 1042.8 0 214 60 154 -0.0152923 -0.180129 0.0583005 -0.0122625 -0.0119217
3660 1035.82 1.5 336 664 2.11653e-317 3.26711 8.8467 1038.99 2081.2 1038.99 1040.6 1 203 50 153 -0.0127489 -0.207249 0.063851 -0.00952143 -0.0117071
3670 1041.1 1.5 336 664 2.11653e-317 3.28356 8.89354 1042.8 2088.4 1042.8 1044.2 2 221 47 174 -0.00788857 -0.2022 0.0605127 -0.00749811 -0.015842
3680 1038.38 1.5 336 664 2.11653e-317 3.29544 8.90852 1042.66 2090.4 1042.66 1045.2 0 226 55 171 -0.0179134 -0.140794 0.0407509 -0.0126227 -0.0126237
3690 1040.54 1.5 337 663 2.11653e-317 3.30251 8.97038 1042.8 2098.4 1042.8 1049.2 3 246 64 182 -0.0195676 -0.106839 0.0182799 -0.0204304 -0.0156393
3700 1046.97 1.5 335 665 2.11653e-317 3.32594 9.01612 1049.74 2102.8 1049.74 1051.4 1 257 69 188 -0.0116158 -0.0387369 -0.00418828 -0.0107566 -0.0160496
3710 1046.11 1.5 337 663 2.11653e-317 3.33624 9.05851 1050.3 2106 1050.3 1053 3 265 71 194 -0.0179617 -0.12762 0.0389438 -0.0187967 -0.00983893
3720 1052.9 1.5 336 664 2.11653e-317 3.35696 9.10317 1054.8 2110.8 1054.8 1055.4 1 277 76 201 -0.00690648 -0.109322 0.0343337 -0.0103285 -0.0144611
3730 1044.28 1.5 336 664 2.11653e-317 3.34236 9.08317 1048.83 2100.4 1048.83 1050.2 2 251 75 176 -0.0163878 -0.0815517 0.0207932 -0.0164279 -0.0104656
3740 1046.21 1.5 334 666 2.11653e-317 3.34514 9.09764 1049.3 2101.2 1049.3 1050.6 0 253 76 177 -0.0118688 -0.127383 0.0432875 -0.0105837 -0.0124686
3750 1043.87 1.5 335 665 2.11653e-317 3.34613 9.07958 1046.32 2091.6 1046.32 1045.8 1 229 61 168 -0.00632414 -0.13385 0.0423977 -0.00766289 -0.0142795
3760 1041.01 1.5 337 663 2.11653e-317 3.34139 9.07054 1042.76 2087.6 1042.76 1043.8 2 219 59 160 -0.00734209 -0.139821 0.0403239 -0.0196019 -0.00938622
3770 1037.57 1.5 335 665 2.11653e-317 3.33706 9.09763 1041.09 2084 1041.09 1042 3 210 48 162 -0.0123633 -0.150893 0.0430037 -0.0157897 -0.0157256
3780 1038.17 1.5 335 665 2.11653e-317 3.34616 9.09697 1040.46 2078 1040.46 1039 0 195 52 143 -0.00396358 -0.199325 0.0631454 -0.00805047 -0.0138709
3790 1034.8 1.5 338 662 2.11653e-317 3.34829 9.12103 1036.86 2080.4 1036.86 1040.2 2 201 50 151 -0.0128512 -0.154584 0.0394157 -0.027377 -0.00941521
3800 1032 1.5 338 662 2.11653e-317 3.34948 9.11435 1036.62 2072.4 1036.62 1036.2 1 181 50 131 -0.0130334 -0.206336 0.0591168 -0.0259037 -0.00373541
3810 1032.44 1.5 337 663 2.11653e-317 3.35477 9.15959 1037.04 2076.8 1037.04 1038.4 0 192 54 138 -0.0165342 -0.155183 0.0463423 -0.0227307 -0.00396083
3820 1031.04 1.5 337 663 2.11653e-317 3.3498 9.16214 1034.74 2073.2 1034.74 1036.6 0 183 51 132 -0.0148119 -0.100841 0.0249046 -0.0210544 -0.00389154
3830 1037.74 1.5 336 664 2.11653e-317 3.36922 9.22089 1039.35 2083.2 1039.35 1041.6 2 208 62 146 -0.00932963 -0.0859175 0.0160748 -0.0217655 -0.00624993
3840 1038.34 1.5 335 665 2.11653e-317 3.38883 9.27458 1042.69 2092.4 1042.69 1046.2 1 231 61 170 -0.0200761 -0.101972 0.019675 -0.013227 -0.0133239
3850 1043.22 1.5 335 665 2.11653e-317 3.41091 9.29771 1046.53 2092 1046.53 1046 2 230 59 171 -0.0088723 -0.136394 0.0335262 -0.0119192 -0.0171697
3860 1041.55 1.5 335 665 2.11653e-317 3.40586 9.30373 1044.4 2090.4 1044.4 1045.2 2 226 66 160 -0.0101583 -0.0831344 0.0198512 -0.0114257 -0.00945864
3870 1041.23 1.5 335 665 2.11653e-317 3.40081 9.33345 1042.67 2094.4 1042.67 1047.2 1 236 66 170 -0.0133878 -0.067937 0.0137074 -0.0133362 -0.00802795
3880 1048.09 1.5 335 665 2.11653e-317 3.43305 9.40064 1050.5 2104 1050.5 1052 0 260 78 182 -0.0102394 -0.0919731 0.0226415 -0.0135211 -0.0113642
3890 1046.84 1.5 336 664 2.11653e-317 3.43187 9.41553 1048.88 2104 1048.88 1052 2 260 67 193 -0.0123612 -0.103832 0.0301383 -0.0109785 -0.0128128
3900 1048.68 1.5 337 663 2.11653e-317 3.44991 9.44858 1051.83 2105.6 1051.83 1052.8 4 264 68 196 -0.0113975 -0.108643 0.0273493 -0.0152913 -0.0149731
3910 1047.6 1.5 338 662 2.11653e-317 3.46315 9.4671 1052.45 2104.4 1052.45 1052.2 0 261 66 195 -0.0140416 -0.125508 0.0443833 -0.0166925 -0.0101487
3920 1040.12 1.5 339 661 2.11653e-317 3.44371 9.43165 1044.77 2087.2 1044.77 1043.6 1 218 49 169 -0.0116027 -0.214453 0.0831678 -0.013415 -0.0149837
3930 1032.38 1.5 339 661 2.11653e-317 3.42003 9.38379 1036.61 2072 1036.61 1036 2 180 32 148 -0.011466 -0.202788 0.0743317 -0.0152392 -0.00927733
3940 1037.15 1.5 339 661 2.11653e-317 3.43367 9.42608 1040.68 2077.6 1040.68 1038.8 0 194 30 164 -0.00683426 -0.241003 0.0818245 -0.00992241 -0.0132444
3950 1036.99 1.5 339 661 2.11653e-317 3.43495 9.4431 1040.11 2078 1040.11 1039 3 195 33 162 -0.00713261 -0.232063 0.0755347 -0.0154069 -0.0132427
3960 1033.89 1.5 340 660 2.11653e-317 3.43709 9.4761 1037.93 2079.6 1037.93 1039.8 2 199 34 165 -0.0158663 -0.159045 0.0419944 -0.0162495 -0.0120721
3970 1037.3 1.5 339 661 2.11653e-317 3.44669 9.48987 1039.57 2080.8 1039.57 1040.4 2 202 40 162 -0.00846166 -0.184427 0.0522891 -0.0176611 -0.0113932
3980 1028.02 1.5 337 663 2.11653e-317 3.43175 9.45933 1034.17 2066.8 1034.17 1033.4 4 167 41 126 -0.0169021 -0.16511 0.0471801 -0.0178217 -0.0110357
3990 1033.69 1.5 337 663 2.11653e-317 3.44267 9.5273 1036.08 2077.2 1036.08 1038.6 1 193 49 144 -0.0121985 -0.11974 0.0268077 -0.0158971 -0.00961853
4000 1046.2 1.5 336 664 2.11653e-317 3.48463 9.63565 1048.07 2098.4 1048.07 1049.2 0 246 63 183 -0.00786681 -0.111746 0.0232044 -0.0143002 -0.0128951
4010 1037.34 1.5 336 664 2.11653e-317 3.4689 9.57704 1041.59 2084 1041.59 1042 3 210 59 151 -0.0135617 -0.135345 0.040957 -0.00988827 -0.0119066
4020 1034.59 1.5 334 666 2.11653e-317 3.46384 9.61677 1039.99 2087.2 1039.99 1043.6 2 218 58 160 -0.0234117 -0.174306 0.0527076 -0.0109092 -0.0142381
4030 1039.28 1.5 336 664 2.11653e-317 3.48308 9.65865 1042.8 2090.4 1042.8 1045.2 1 226 57 169 -0.0153584 -0.284685 0.091509 -0.0139716 -0.0160177
4040 1029.82 1.5 337 663 2.11653e-317 3.45614 9.59464 1033.91 2072.4 1033.91 1036.2 4 181 45 136 -0.0168496 -0.228036 0.0755153 -0.0184422 -0.0149955
4050 1027.61 1.5 335 665 2.11653e-317 3.45619 9.58786 1032.21 2066.4 1032.21 1033.2 0 166 44 122 -0.0157668 -0.179525 0.0497786 -0.0122227 -0.0131229
4060 1023.16 1.5 336 664 2.11653e-317 3.44049 9.53393 1024.85 2050 1024.85 1025 3 125 37 88 -0.00537714 -0.236823 0.0656063 -0.0189629 -0.0113874
4070 1022.2 1.5 336 664 2.11653e-317 3.44426 9.58401 1024.18 2056.4 1024.18 1028.2 3 141 41 100 -0.0139811 -0.205222 0.054157 -0.0270709 -0.0082571
4080 1029.2 1.5 336 664 2.11653e-317 3.47523 9.65456 1031.34 2068 1031.34 1034 5 170 35 135 -0.0117433 -0.301687 0.0789463 -0.0185162 -0.015046
4090 1031.78 1.5 336 664 2.11653e-317 3.49078 9.66282 1034.67 2067.2 1034.67 1033.6 1 168 42 126 -0.00652424 -0.267599 0.0770968 -0.00751607 -0.0155775
4100 1026.16 1.5 337 663 2.11653e-317 3.48654 9.68919 1030.71 2067.2 1030.71 1033.6 1 168 39 129 -0.019437 -0.172027 0.0474774 -0.0120478 -0.0116575
4110 1030.03 1.5 336 664 2.11653e-317 3.50196 9.72605 1033.74 2071.2 1033.74 1035.6 1 178 48 130 -0.0148568 -0.219846 0.0630775 -0.0153013 -0.00847011
4120 1034.73 1.5 335 665 2.11653e-317 3.51877 9.78641 1037.38 2081.2 1037.38 1040.6 0 203 47 156 -0.0143905 -0.244148 0.078157 -0.00208146 -0.0151909
4130 1032.7 1.5 337 663 2.11653e-317 3.51811 9.76521 1033.52 2072.8 1033.52 1036.4 4 182 48 134 -0.00822113 -0.10187 0.0186127 -0.0242202 -0.00940778
4140 1037.34 1.5 337 663 2.11653e-317 3.54912 9.84069 1039.49 2086.4 1039.49 1043.2 1 216 54 162 -0.0138787 -0.10473 0.023895 -0.0193717 -0.00649396
4150 1038.36 1.5 336 664 2.11653e-317 3.57279 9.84496 1043.84 2085.6 1043.84 1042.8 0 214 47 167 -0.0143713 -0.181257 0.056811 -0.00958799 -0.00962121
4160 1033.56 1.5 338 662 2.11653e-317 3.55388 9.81456 1035.89 2076.4 1035.89 1038.2 0 191 52 139 -0.011601 -0.128338 0.0359702 -0.0255704 -0.00582767
4170 1039.93 1.5 338 662 2.11653e-317 3.58166 9.90392 1042.75 2090 1042.75 1045 1 225 46 179 -0.0129551 -0.17258 0.0488444 -0.0169673 -0.0108731
4180 1037.83 1.5 340 660 2.11653e-317 3.58232 9.87863 1039.17 2080.8 1039.17 1040.4 0 202 41 161 -0.00647336 -0.176479 0.0556759 -0.0156546 -0.00888205
4190 1031.39 1.5 339 661 2.11653e-317 3.56592 9.85433 1034.44 2073.6 1034.44 1036.8 0 184 43 141 -0.0138823 -0.14287 0.0453416 -0.0215215 -0.00322578
4200 1029.51 1.5 338 662 2.11653e-317 3.56826 9.87751 1033.79 2077.6 1033.79 1038.8 2 194 42 152 -0.0228746 -0.165505 0.0433292 -0.0214819 -0.00780774
4210 1035.12 1.5 337 663 2.11653e-317 3.58685 9.91502 1037.32 2080.8 1037.32 1040.4 2 202 46 156 -0.0127709 -0.19631 0.0529083 -0.0111764 -0.0152575
4220 1033.79 1.5 338 662 2.11653e-317 3.59428 9.91417 1037.47 2077.6 1037.47 1038.8 1 194 49 145 -0.0137047 -0.167547 0.0484636 -0.0234406 -0.0087982
4230 1034.76 1.5 337 663 2.11653e-317 3.5997 9.95681 1037.35 2081.6 1037.35 1040.8 1 204 42 162 -0.0146659 -0.208615 0.0679979 -0.0124559 -0.0100139
4240 1038.52 1.5 337 663 2.11653e-317 3.61048 9.99563 1038.95 2086.8 1038.95 1043.4 1 217 54 163 -0.0101801 -0.210459 0.0628688 -0.0114318 -0.011499
4250 1039.23 1.5 338 662 2.11653e-317 3.62409 9.99756 1041.1 2083.2 1041.1 1041.6 1 208 57 151 -0.00660729 -0.223588 0.0697122 -0.0217299 -0.00854046
4260 1038.35 1.5 338 662 2.11653e-317 3.6312 10.0485 1041.49 2089.2 1041.49 1044.6 3 223 56 167 -0.0156474 -0.15944 0.0491555 -0.0195152 -0.00558651
4270 1044.1 1.5 338 662 2.11653e-317 3.6556 10.109 1046.89 2101.6 1046.89 1050.8 4 254 56 198 -0.0161951 -0.142805 0.0395464 -0.0178768 -0.0121187
4280 1043.82 1.5 338 662 2.11653e-317 3.66058 10.1175 1046.55 2101.6 1046.55 1050.8 1 254 54 200 -0.0166852 -0.125193 0.0397157 -0.00744948 -0.0129278
4290 1041.85 1.5 339 661 2.11653e-317 3.66991 10.0944 1046.86 2093.6 1046.86 1046.8 3 234 48 186 -0.0149055 -0.204717 0.0787746 -0.0136145 -0.0119431
4300 1042.49 1.5 339 661 2.11653e-317 3.66467 10.1163 1044.67 2092 1044.67 1046 0 230 48 182 -0.00920703 -0.135636 0.0448745 -0.0140128 -0.0109468
4310 1041.88 1.5 338 662 2.11653e-317 3.67745 10.1379 1045.25 2093.6 1045.25 1046.8 5 234 52 182 -0.0132206 -0.124987 0.0391067 -0.00910659 -0.0103918
4320 1043.59 1.5 337 663 2.11653e-317 3.68752 10.1841 1047 2097.2 1047 1048.6 1 243 54 189 -0.0134373 -0.171882 0.059108 -0.00675655 -0.014721
4330 1042.89 1.5 338 662 2.11653e-317 3.69856 10.1562 1047.83 2090 1047.83 1045 1 225 65 160 -0.0091608 -0.170289 0.0668847 -0.0166946 -0.00687909
4340 1038.32 1.5 337 663 2.11653e-317 3.6772 10.1764 1041.51 2086.4 1041.51 1043.2 1 216 54 162 -0.0129389 -0.113974 0.0372665 -0.0141058 -0.0109914
4350 1035.28 1.5 337 663 2.11653e-317 3.6723 10.1746 1037.92 2081.6 1037.92 1040.8 0 204 50 154 -0.0136912 -0.189465 0.0606929 -0.0150168 -0.0121314
4360 1036.14 1.5 336 664 2.11653e-317 3.68318 10.1864 1039.85 2080.8 1039.85 1040.4 1 202 39 163 -0.0122276 -0.194101 0.0556755 -0.00515826 -0.0188687
4370 1035.23 1.5 337 663 2.11653e-317 3.68388 10.1651 1037.38 2076.4 1037.38 1038.2 1 191 45 146 -0.00810626 -0.16424 0.045934 -0.0135076 -0.00880207
4380 1034.18 1.5 337 663 2.11653e-317 3.68501 10.1715 1036.61 2075.6 1036.61 1037.8 1 189 44 145 -0.00968323 -0.163877 0.0453918 -0.0145668 -0.00966967
4390 1034.41 1.5 337 663 2.11653e-317 3.691 10.2294 1037.72 2080 1037.72 1040 2 200 50 150 -0.0144974 -0.159083 0.0405367 -0.0123529 -0.0114639
4400 1035.71 1.5 336 664 2.11653e-317 3.70623 10.2472 1039.47 2079.6 1039.47 1039.8 4 199 60 139 -0.0119475 -0.220955 0.0633606 -0.0186591 -0.00988917
4410 1033.64 1.5 335 665 2.11653e-317 3.70589 10.2608 1038.05 2077.6 1038.05 1038.8 0 194 52 142 -0.0147396 -0.178222 0.0546357 -0.0121243 -0.0108291
4420 1035.87 1.5 336 664 2.11653e-317 3.70585 10.2682 1036.67 2074.4 1036.67 1037.2 1 186 48 138 -0.00345056 -0.178338 0.049519 -0.0145388 -0.0120917
4430 1037.22 1.5 337 663 2.11653e-317 3.72378 10.2908 1039.18 2078 1039.18 1039 0 195 52 143 -0.00552415 -0.16241 0.0488619 -0.0154551 -0.00703383
4440 1039.6 1.5 336 664 2.11653e-317 3.73421 10.3404 1042.85 2085.6 1042.85 1042.8 1 214 56 158 -0.00965168 -0.193778 0.0579428 -0.0148939 -0.00869388
4450 1036.73 1.5 335 665 2.11653e-317 3.72984 10.3151 1040.18 2077.2 1040.18 1038.6 0 193 49 144 -0.00719018 -0.194379 0.0665653 -0.00804404 -0.0119992
4460 1037.21 1.5 336 664 2.11653e-317 3.72992 10.3581 1038.56 2084.4 1038.56 1042.2 1 211 50 161 -0.0113174 -0.23909 0.0775752 -0.0103421 -0.0095623
4470 1033.69 1.5 337 663 2.11653e-317 3.72334 10.3338 1034.66 2076 1034.66 1038 2 190 51 139 -0.00958822 -0.211637 0.0675466 -0.0170861 -0.00902475
4480 1036.94 1.5 337 663 2.11653e-317 3.74367 10.3833 1039.97 2082 1039.97 1041 2 205 45 160 -0.0111387 -0.185561 0.0581941 -0.0122598 -0.0140824
4490 1034.16 1.5 338 662 2.11653e-317 3.7419 10.3438 1036.93 2073.2 1036.93 1036.6 1 183 44 139 -0.00764523 -0.210962 0.0697522 -0.0164385 -0.0079402
4500 1034.07 1.5 337 663 2.11653e-317 3.7422 10.3685 1035.55 2074.8 1035.55 1037.4 2 187 47 140 -0.0081562 -0.147887 0.0437519 -0.0167188 -0.00731167
4510 1030.42 1.5 337 663 2.11653e-317 3.74176 10.381 1034.92 2072.4 1034.92 1036.2 2 181 52 129 -0.016062 -0.224749 0.063983 -0.0245624 -0.00380233
4520 1030.6 1.5 337 663 2.11653e-317 3.73317 10.3965 1032.26 2073.2 1032.26 1036.6 1 183 36 147 -0.0136716 -0.219935 0.0701113 -0.0102282 -0.00804589
4530 1028.88 1.5 337 663 2.11653e-317 3.74077 10.3719 1032.9 2064.4 1032.9 1032.2 2 161 41 120 -0.0106541 -0.261828 0.0747869 -0.0118119 -0.0121857
4540 1031.44 1.5 337 663 2.11653e-317 3.74172 10.4197 1033.43 2070.4 1033.43 1035.2 0 176 40 136 -0.00950917 -0.240605 0.0780406 -0.0115334 -0.0100417
4550 1024.91 1.5 336 664 2.11653e-317 3.72241 10.3646 1027.12 2058 1027.12 1029 2 145 43 102 -0.0103764 -0.206743 0.0605608 -0.0179158 -0.00560315
4560 1023.7 1.5 335 665 2.11653e-317 3.71993 10.3693 1025.72 2052.4 1025.72 1026.2 0 131 36 95 -0.00701841 -0.188548 0.0498895 -0.0189764 -0.00792524
4570 1024.41 1.5 337 663 2.11653e-317 3.73622 10.3728 1027.42 2052.4 1027.42 1026.2 3 131 28 103 -0.00658373 -0.272595 0.0767059 -0.0163886 -0.00926752
4580 1030.81 1.5 336 664 2.11653e-317 3.75508 10.4752 1031.63 2069.2 1031.63 1034.6 1 173 35 138 -0.00838666 -0.233261 0.0625444 -0.00786932 -0.012306
4590 1027.59 1.5 337 663 2.11653e-317 3.76365 10.4353 1032.28 2061.2 1032.28 1030.6 3 153 39 114 -0.0106995 -0.282085 0.0779851 -0.0114788 -0.0101416
4600 1027.05 1.5 336 664 2.11653e-317 3.74938 10.4642 1028.53 2064.4 1028.53 1032.2 2 161 40 121 -0.011777 -0.210297 0.0701628 -0.0161693 -0.00568416
4610 1035.71 1.5 336 664 2.11653e-317 3.79026 10.5636 1038.74 2082.4 1038.74 1041.2 1 206 53 153 -0.0140202 -0.257738 0.0809372 -0.00895162 -0.00976117
4620 1032.53 1.5 335 665 2.11653e-317 3.77399 10.5158 1034.14 2069.2 1034.14 1034.6 2 173 51 122 -0.00576026 -0.215785 0.0681252 -0.0193203 -0.00608344
4630 1024.68 1.5 335 665 2.11653e-317 3.74864 10.4743 1027.12 2060.4 1027.12 1030.2 1 151 51 100 -0.0134822 -0.196781 0.0654992 -0.0161272 -0.00420884
4640 1029.92 1.5 335 665 2.11653e-317 3.76868 10.5166 1031.79 2066 1031.79 1033 0 165 39 126 -0.00804127 -0.198558 0.0607214 -0.0084393 -0.00503104
4650 1034.93 1.5 337 663 2.11653e-317 3.80167 10.5643 1036.62 2073.6 1036.62 1036.8 1 184 46 138 -0.00543255 -0.188826 0.0542861 -0.0109202 -0.00827441
4660 1034.58 1.5 337 663 2.11653e-317 3.8033 10.5872 1036.11 2076.4 1036.11 1038.2 2 191 52 139 -0.00875823 -0.1112 0.0274663 -0.014568 -0.00659272
4670 1032.07 1.5 337 663 2.11653e-317 3.81059 10.6048 1036.71 2076.4 1036.71 1038.2 3 191 52 139 -0.0169003 -0.0831468 0.0165132 -0.0197063 -0.0047602
4680 1041.56 1.5 337 663 2.11653e-317 3.8411 10.7055 1044.89 2093.2 1044.89 1046.6 1 233 57 176 -0.0134032 -0.101039 0.0244977 -0.0129179 -0.00666116
4690 1041.32 1.5 337 663 2.11653e-317 3.84368 10.7275 1044.29 2093.6 1044.29 1046.8 0 234 62 172 -0.0139191 -0.158278 0.051491 -0.00859104 -0.0100401
4700 1041.53 1.5 338 662 2.11653e-317 3.83896 10.6876 1042.82 2083.6 1042.82 1041.8 2 209 47 162 -0.00181679 -0.132613 0.045777 -0.0106957 -0.00784796
4710 1037.83 1.5 337 663 2.11653e-317 3.84499 10.7094 1040.21 2084 1040.21 1042 1 210 51 159 -0.0107184 -0.0669542 0.013965 -0.0108755 -0.00831117
4720 1044.09 1.5 337 663 2.11653e-317 3.87044 10.7847 1045.68 2095.6 1045.68 1047.8 4 239 64 175 -0.0089966 -0.0746032 0.0123446 -0.0224114 -0.00500429
4730 1042.74 1.5 337 663 2.11653e-317 3.8747 10.7448 1045.73 2086.8 1045.73 1043.4 0 217 61 156 -0.00431637 -0.123264 0.0422933 -0.0154433 -0.00227334
4740 1035.13 1.5 336 664 2.11653e-317 3.84547 10.7074 1037.13 2076.4 1037.13 1038.2 3 191 47 144 -0.00813983 -0.16647 0.0601438 -0.0110258 -0.00929995
4750 1034.31 1.5 336 664 2.11653e-317 3.85561 10.7277 1038.5 2078.4 1038.5 1039.2 0 196 53 143 -0.0139584 -0.125568 0.0415812 -0.00883617 -0.00641186
4760 1038.32 1.5 336 664 2.11653e-317 3.86787 10.7585 1040.76 2083.2 1040.76 1041.6 0 208 55 153 -0.00901382 -0.153547 0.0483653 -0.00871347 -0.007287
4770 1036.12 1.5 336 664 2.11653e-317 3.86727 10.7478 1037.99 2079.2 1037.99 1039.6 0 198 53 145 -0.00883329 -0.174392 0.0569185 -0.0120641 -0.00745695
4780 1031.2 1.5 336 664 2.11653e-317 3.85279 10.7234 1033.76 2071.6 1033.76 1035.8 0 179 47 132 -0.0117682 -0.152469 0.0427093 -0.0171711 -0.00723624
4790 1029.96 1.5 336 664 2.11653e-317 3.85068 10.7157 1032.43 2066.8 1032.43 1033.4 1 167 42 125 -0.00933891 -0.198569 0.0515071 -0.0129883 -0.0134014
4800 1034.51 1.5 336 664 2.11653e-317 3.86748 10.7838 1035.68 2075.2 1035.68 1037.6 1 188 51 137 -0.00735725 -0.163124 0.0429971 -0.0172991 -0.00906406
4810 1035.36 1.5 334 666 2.11653e-317 3.86535 10.8192 1036.3 2076.8 1036.3 1038.4 1 192 57 135 -0.0070134 -0.158141 0.0462822 -0.000343908 -0.0119813
4820 1034.54 1.5 334 666 2.11653e-317 3.87707 10.8305 1038.59 2077.2 1038.59 1038.6 0 193 56 137 -0.0121737 -0.213385 0.0688115 -0.0023898 -0.0115798
4830 1030.54 1.5 335 665 2.11653e-317 3.86861 10.8101 1035.58 2069.6 1035.58 1034.8 1 174 63 111 -0.013558 -0.209625 0.0673834 -0.0168319 -0.00641108
4840 1033.27 1.5 334 666 2.11653e-317 3.87659 10.857 1038.09 2075.2 1038.09 1037.6 0 188 54 134 -0.0134656 -0.181599 0.0585929 -0.00793316 -0.0104683
4850 1036.85 1.5 335 665 2.11653e-317 3.88636 10.8754 1039.01 2076.4 1039.01 1038.2 0 191 50 141 -0.00487033 -0.185183 0.0582919 -0.0107406 -0.00871586
4860 1037.3 1.5 335 665 2.11653e-317 3.91103 10.9218 1043.12 2082.4 1043.12 1041.2 0 206 64 142 -0.0136224 -0.193382 0.0651891 -0.0147245 -0.0100356
4870 1038.38 1.5 334 666 2.11653e-317 3.90331 10.9599 1039.64 2086 1039.64 1043 1 215 65 150 -0.0105046 -0.213166 0.0696194 -0.0152737 -0.00966752
4880 1034.19 1.5 335 665 2.11653e-317 3.89922 10.8876 1036.4 2069.2 1036.4 1034.6 0 173 50 123 -0.00301657 -0.1764 0.0524678 -0.00739637 -0.00788987
4890 1032.52 1.5 336 664 2.11653e-317 3.8941 10.9243 1033.03 2071.6 1033.03 1035.8 2 179 53 126 -0.00706608 -0.158304 0.0449713 -0.0156536 -0.0082328
4900 1037.26 1.5 336 664 2.11653e-317 3.92642 10.9859 1040.51 2081.6 1040.51 1040.8 2 204 46 158 -0.010331 -0.174445 0.0482378 -0.0103569 -0.0123252
4910 1040.39 1.5 337 663 2.11653e-317 3.93482 11.0152 1041.68 2084.4 1041.68 1042.2 1 211 50 161 -0.00491251 -0.123256 0.0334932 -0.0164469 -0.00921273
4920 1040.13 1.5 337 663 2.11653e-317 3.93948 11.0524 1041.69 2089.6 1041.69 1044.8 0 224 57 167 -0.0109129 -0.115189 0.033174 -0.00778139 -0.0073231
4930 1039.42 1.5 337 663 2.11653e-317 3.93562 11.0659 1040.72 2090 1040.72 1045 1 225 58 167 -0.0124657 -0.134984 0.0408186 -0.0106009 -0.00676017
4940 1039.04 1.5 337 663 2.11653e-317 3.94167 11.0493 1041.4 2085.2 1041.4 1042.6 1 213 56 157 -0.00948799 -0.147224 0.0497517 -0.0118637 -0.00687053
4950 1039.42 1.5 337 663 2.11653e-317 3.95073 11.0657 1042.11 2087.6 1042.11 1043.8 2 219 49 170 -0.0114525 -0.195149 0.0663194 -0.012304 -0.00926765
4960 1042.18 1.5 335 665 2.11653e-317 3.95928 11.1005 1042.99 2090 1042.99 1045 3 225 66 159 -0.0064537 -0.219335 0.0745691 -0.0117301 -0.00835265
4970 1036.73 1.5 336 664 2.11653e-317 3.95411 11.0431 1039.38 2077.6 1039.38 1038.8 1 194 53 141 -0.00679009 -0.213541 0.0727582 -0.0129567 -0.0110643
4980 1032.68 1.5 337 663 2.11653e-317 3.94423 11.0315 1035.35 2072.8 1035.35 1036.4 0 182 59 123 -0.010115 -0.13445 0.042555 -0.0243677 0.000750571
4990 1035.47 1.5 337 663 2.11653e-317 3.95544 11.0761 1037.05 2077.6 1037.05 1038.8 1 194 59 135 -0.00823352 -0.0411255 0.00316226 -0.024108 -0.000611319
