010 10 1006.81 1 500 500 3.13964e-317 0.187251 0.19553 1021.56 1023.4 1021.56 1023.4 0 117 61 56 -0.0313314 -0.1169 -0.0170158 -0.0292228 -0.0297799
010 20 1013.91 1 500 500 3.13964e-317 0.201284 0.208497 1030.18 1033 1030.18 1033 0 165 73 92 -0.0353664 -0.139711 -0.00610007 -0.0281591 -0.0318739
010 30 1026.38 1 500 500 3.13964e-317 0.21326 0.223498 1043.96 1043.6 1043.96 1043.6 0 218 105 113 -0.0348093 -0.19107 0.018744 -0.0292779 -0.0339446
010 40 1037.86 1 500 500 3.13964e-317 0.227608 0.23776 1050.82 1054.6 1050.82 1054.6 0 273 129 144 -0.0296985 -0.149523 0.0134112 -0.0280807 -0.0334072
010 50 1041.03 1 500 500 3.13964e-317 0.239525 0.249397 1052.42 1054.2 1052.42 1054.2 0 271 129 142 -0.0245628 -0.0834978 -0.0040219 -0.0253772 -0.0317828
010 60 1050.96 1 500 500 3.13964e-317 0.252091 0.267677 1059.97 1062.2 1059.97 1062.2 0 311 151 160 -0.0202589 -0.0101812 -0.0333245 -0.0215277 -0.0304485
010 70 1058.52 1 500 500 3.13964e-317 0.263103 0.279936 1070.84 1071 1070.84 1071 0 355 188 167 -0.0248046 -0.0594283 -0.0040327 -0.0302483 -0.019253
010 80 1053.91 1 500 500 3.13964e-317 0.277833 0.291121 1067.3 1066.4 1067.3 1066.4 0 332 161 171 -0.0258809 -0.0646928 0.00429011 -0.0242714 -0.0213689
010 90 1057.25 1 500 500 3.13964e-317 0.288752 0.300644 1068.03 1070 1068.03 1070 0 350 167 183 -0.0235286 -0.0562019 -0.00180685 -0.0193076 -0.0248848
010 100 1061.62 1 500 500 3.13964e-317 0.299585 0.31596 1071.64 1073.8 1071.64 1073.8 1 369 192 177 -0.0222094 -0.00912686 -0.0294294 -0.0202451 -0.0231838
010 110 1064.96 1 499 501 3.13964e-317 0.31378 0.331172 1077.72 1078.2 1077.72 1078.2 3 391 211 180 -0.0259961 -0.00397337 -0.0379371 -0.026763 -0.0211363
010 120 1069.55 1 497 503 3.13964e-317 0.332063 0.340859 1081.19 1080.4 1081.19 1080.4 5 402 217 185 -0.0224914 0.00717332 -0.0454061 -0.0234113 -0.0221899
010 130 1076.1 1 495 505 3.13964e-317 0.353148 0.359129 1088.52 1094.6 1088.52 1094.6 5 473 264 209 -0.0309208 0.0670091 -0.101486 -0.0279411 -0.0264329
010 140 1105.32 1 493 507 3.13964e-317 0.384946 0.383559 1115.63 1120 1115.63 1120 7 600 307 293 -0.0249969 0.10406 -0.164867 -0.0325695 -0.0314772
010 150 1113.03 1 495 505 3.13964e-317 0.416405 0.406112 1130.61 1127.2 1130.61 1127.2 3 636 356 280 -0.0317379 0.0853666 -0.190964 -0.0312176 -0.0323657
010 160 1112.48 1 492 508 3.13964e-317 0.436993 0.422802 1122.05 1128 1122.05 1128 3 640 358 282 -0.025097 0.0513213 -0.140131 -0.0323778 -0.0266573
010 170 1106.85 1 490 510 3.13964e-317 0.459802 0.435962 1120.78 1122.2 1120.78 1122.2 1 611 354 257 -0.0292713 -0.0140489 -0.0390288 -0.0231007 -0.0251891
010 180 1104.43 1 490 510 3.13964e-317 0.47892 0.452364 1115.51 1117.8 1115.51 1117.8 5 589 346 243 -0.0244512 -0.00147354 -0.0578006 -0.0224572 -0.0281415
010 190 1097.48 1 490 510 3.13964e-317 0.50696 0.465612 1109.32 1108.6 1109.32 1108.6 3 543 328 215 -0.0229604 -0.0137687 -0.033456 -0.0232781 -0.0219236
010 200 1087.48 1 489 511 3.13964e-317 0.520756 0.482427 1100.38 1100.2 1100.38 1100.2 5 501 292 209 -0.0256133 -0.0290526 -0.0202221 -0.0246026 -0.0250509
010 210 1081.14 1 490 510 3.13964e-317 0.538378 0.500998 1092.83 1091.4 1092.83 1091.4 4 457 255 202 -0.0219603 -0.0300851 -0.0154185 -0.0174572 -0.0278303
010 220 1079.88 1 493 507 3.13964e-317 0.563844 0.516022 1090.63 1090.2 1090.63 1090.2 6 451 243 208 -0.021063 -0.0225576 -0.0246787 -0.0219174 -0.0254421
010 230 1071.25 1 495 505 3.13964e-317 0.584797 0.53033 1084.3 1084.4 1084.3 1084.4 4 422 216 206 -0.0261885 -0.0136983 -0.0319937 -0.0163571 -0.0303657
010 240 1084.37 1 499 501 3.13964e-317 0.617501 0.554501 1091.56 1095.8 1091.56 1095.8 14 479 236 243 -0.018615 0.0384538 -0.0799551 -0.0262137 -0.0247603
010 250 1102.1 1 500 500 3.13964e-317 0.656887 0.582434 1111.35 1117 1111.35 1117 2 585 313 272 -0.0241408 0.0847026 -0.146206 -0.0345293 -0.0200473
010 260 1103.33 1 499 501 3.13964e-317 0.681126 0.604779 1113.13 1116.6 1113.13 1116.6 7 583 300 283 -0.0230621 0.0197121 -0.0843035 -0.0324413 -0.0182403
010 270 1108.68 1 498 502 3.13964e-317 0.711158 0.630168 1122.82 1125 1122.82 1125 4 625 332 293 -0.0304644 0.0510524 -0.121457 -0.0250181 -0.0236557
010 280 1120.74 1 497 503 3.13964e-317 0.737846 0.6593 1130 1137.8 1130 1137.8 3 689 366 323 -0.0263213 0.118581 -0.207427 -0.0267117 -0.0217383
010 290 1140.72 1 495 505 3.13964e-317 0.772685 0.681607 1147.42 1153.6 1147.42 1153.6 4 768 394 374 -0.0195833 0.119634 -0.260849 -0.0263827 -0.0250511
010 300 1130.08 1 494 506 3.13964e-317 0.789097 0.703048 1140.01 1140.2 1140.01 1140.2 5 701 379 322 -0.0200511 0.0106847 -0.0815044 -0.0233305 -0.0226069
010 310 1119.82 1 494 506 3.13964e-317 0.804676 0.715428 1129.8 1133.4 1129.8 1133.4 3 667 368 299 -0.0235654 0.00983535 -0.0831051 -0.0252453 -0.0238764
010 320 1113.73 1 493 507 3.13964e-317 0.824932 0.733116 1123.24 1124.2 1123.24 1124.2 4 621 338 283 -0.0199832 -0.0068362 -0.0486343 -0.0196655 -0.0263487
010 330 1103.65 1 495 505 3.13964e-317 0.854638 0.753263 1116.55 1117.6 1116.55 1117.6 5 588 322 266 -0.0268461 0.0444027 -0.115968 -0.0272713 -0.022213
010 340 1106.51 1 492 508 3.13964e-317 0.884107 0.775297 1114.06 1115.4 1114.06 1115.4 6 577 342 235 -0.0164374 0.060663 -0.12388 -0.0237715 -0.024668
010 350 1108.86 1 490 510 3.13964e-317 0.911673 0.812643 1120.53 1128.2 1120.53 1128.2 7 641 350 291 -0.0310186 0.0823098 -0.146913 -0.0210843 -0.0242019
010 360 1120.38 1 491 509 3.13964e-317 0.94862 0.836724 1129.89 1129.4 1129.89 1129.4 4 647 372 275 -0.0185344 0.0514541 -0.128606 -0.0206575 -0.0240229
010 370 1116.28 1 492 508 3.13964e-317 0.97256 0.855978 1126.54 1128.6 1126.54 1128.6 3 643 356 287 -0.0225824 0.0165946 -0.0809228 -0.0195583 -0.0242167
010 380 1116.15 1 493 507 3.13964e-317 0.992807 0.8711 1127.45 1127 1127.45 1127 1 635 348 287 -0.0221533 0.0143503 -0.0742836 -0.0217048 -0.0206931
010 390 1107.53 1 492 508 3.13964e-317 1.01872 0.881578 1120.69 1118.4 1120.69 1118.4 3 592 335 257 -0.0240357 0.0438907 -0.126059 -0.0243912 -0.0251346
010 400 1108.43 1 492 508 3.13964e-317 1.04787 0.908536 1119.37 1120.8 1119.37 1120.8 3 604 339 265 -0.0233123 0.01891 -0.081452 -0.0209873 -0.0270063
010 410 1103.84 1 491 509 3.13964e-317 1.07085 0.929365 1117.09 1117.6 1117.09 1117.6 1 588 321 267 -0.0269985 0.0334389 -0.0870197 -0.0123039 -0.023252
010 420 1098.46 1 492 508 3.13964e-317 1.08807 0.938475 1106.68 1108.2 1106.68 1108.2 8 541 298 243 -0.0179633 -0.00133962 -0.0417649 -0.0150121 -0.0236688
010 430 1096.75 1 495 505 3.13964e-317 1.11725 0.9578 1105.31 1106.2 1105.31 1106.2 4 531 297 234 -0.018014 0.0128844 -0.0648555 -0.0259646 -0.0224655
010 440 1095.03 1 494 506 3.13964e-317 1.14171 0.976889 1105.3 1105.8 1105.3 1105.8 0 529 295 234 -0.0210398 0.0307047 -0.0771521 -0.0201555 -0.0211034
010 450 1094.41 1 495 505 3.13964e-317 1.16572 1.00782 1103.45 1107.6 1103.45 1107.6 5 538 291 247 -0.022237 0.0440586 -0.096257 -0.0259768 -0.0231628
010 460 1097.07 1 495 505 3.13964e-317 1.19451 1.02911 1106.79 1106.4 1106.79 1106.4 5 532 305 227 -0.0190483 0.0418736 -0.0904172 -0.0218398 -0.0187968
010 470 1102.39 1 494 506 3.13964e-317 1.21666 1.05099 1108.61 1111.2 1108.61 1111.2 2 556 306 250 -0.0150296 0.0188501 -0.0628565 -0.0206001 -0.0209516
010 480 1098.17 1 493 507 3.13964e-317 1.23856 1.06528 1107.61 1110.4 1107.61 1110.4 0 552 315 237 -0.0216663 0.0114006 -0.0575936 -0.020169 -0.0210459
010 490 1099.94 1 492 508 3.13964e-317 1.26054 1.08685 1107.37 1109.4 1107.37 1109.4 1 547 307 240 -0.0168836 0.0155422 -0.0614394 -0.0213289 -0.0198196
010 500 1093.15 1 494 506 3.13964e-317 1.283 1.10769 1106.62 1107.4 1106.62 1107.4 5 537 299 238 -0.0277218 -0.0152994 -0.0274226 -0.0215272 -0.0200966
010 510 1093.15 1 494 506 3.13964e-317 1.30604 1.12757 1102.51 1104.4 1102.51 1104.4 3 522 287 235 -0.0206127 0.00478487 -0.0473149 -0.0222136 -0.0184856
010 520 1091.53 1 495 505 3.13964e-317 1.33201 1.14546 1102.68 1105.8 1102.68 1105.8 4 529 298 231 -0.0254283 0.0414198 -0.0823256 -0.0220239 -0.0149923
010 530 1094.25 1 494 506 3.13964e-317 1.35961 1.16417 1102.22 1103 1102.22 1103 5 515 294 221 -0.0167213 0.0511474 -0.103766 -0.0246648 -0.018424
010 540 1097.25 1 492 508 3.13964e-317 1.38741 1.18431 1108.03 1105.4 1108.03 1105.4 5 527 299 228 -0.018921 0.00731616 -0.0486328 -0.0170679 -0.0206112
010 550 1102.64 1 493 507 3.13964e-317 1.41111 1.21282 1109.57 1110.8 1109.57 1110.8 3 554 316 238 -0.0150823 0.0518774 -0.101151 -0.0227793 -0.0201049
010 560 1104.68 1 492 508 3.13964e-317 1.45104 1.2436 1117.49 1119.8 1117.49 1119.8 2 599 334 265 -0.0279202 0.0410827 -0.104568 -0.0226289 -0.0250869
010 570 1108.21 1 492 508 3.13964e-317 1.48272 1.27357 1122.69 1123 1122.69 1123 1 615 336 279 -0.0292649 0.0085847 -0.0681562 -0.0210674 -0.0255401
010 580 1101.77 1 494 506 3.13964e-317 1.49831 1.28004 1110.79 1110.6 1110.79 1110.6 5 553 294 259 -0.0178483 -0.0516251 0.0251319 -0.0182397 -0.0209626
010 590 1086.24 1 495 505 3.13964e-317 1.49854 1.28342 1096.89 1092.6 1096.89 1092.6 3 463 243 220 -0.017004 -0.059589 0.0255183 -0.0145726 -0.023494
010 600 1077.96 1 497 503 3.13964e-317 1.50101 1.29774 1088.14 1091.2 1088.14 1091.2 2 456 232 224 -0.0234127 -0.0130017 -0.0207877 -0.0136923 -0.0205387
010 610 1083.08 1 498 502 3.13964e-317 1.52012 1.31421 1090.25 1091.2 1090.25 1091.2 3 456 232 224 -0.0152883 -0.0069263 -0.0283821 -0.0151505 -0.0214202
010 620 1083.87 1 499 501 3.13964e-317 1.5468 1.33369 1091.04 1092.8 1091.04 1092.8 5 464 239 225 -0.0160938 0.00919565 -0.0405906 -0.0168536 -0.0183192
010 630 1082.95 1 497 503 3.13964e-317 1.56428 1.34752 1089.6 1091.2 1089.6 1091.2 3 456 231 225 -0.0149017 -0.0293446 -0.00696947 -0.0166186 -0.0185689
010 640 1078.71 1 499 501 3.13964e-317 1.57609 1.36003 1084.81 1087.8 1084.81 1087.8 3 439 225 214 -0.0151841 -0.0149682 -0.0238762 -0.0214847 -0.0180969
010 650 1081.89 1 497 503 3.13964e-317 1.59993 1.38134 1088.26 1095.6 1088.26 1095.6 0 478 252 226 -0.0200821 0.0283488 -0.0615852 -0.0211395 -0.0200178
010 660 1086.81 1 495 505 3.13964e-317 1.63589 1.4001 1096.3 1098.6 1096.3 1098.6 5 493 264 229 -0.0212935 -0.0137689 -0.0264667 -0.0190296 -0.0214861
010 670 1080.52 1 496 504 3.13964e-317 1.64726 1.40163 1089.32 1090.8 1089.32 1090.8 0 454 234 220 -0.0190763 -0.0377973 0.00268873 -0.0137428 -0.0203544
010 680 1077.71 1 499 501 3.13964e-317 1.65955 1.41101 1084.43 1084.8 1084.43 1084.8 3 424 217 207 -0.0138103 -0.0271521 -0.00584862 -0.016145 -0.0153235
010 690 1074.77 1 500 500 3.13964e-317 1.67732 1.42202 1081.32 1083.2 1081.32 1083.2 1 416 206 210 -0.0149862 -0.0188695 -0.0154531 -0.0183792 -0.0155061
010 700 1076.98 1 499 501 3.13964e-317 1.70566 1.4452 1083.8 1085.8 1083.8 1085.8 4 429 212 217 -0.0156462 -0.0163189 -0.0171152 -0.0184616 -0.0150681
010 710 1076.45 1 500 500 3.13964e-317 1.7239 1.46882 1084.32 1085.8 1084.32 1085.8 9 429 211 218 -0.0172258 -0.0472682 0.00905064 -0.0149582 -0.0175148
010 720 1073.28 1 499 501 3.13964e-317 1.74218 1.48076 1080.98 1081.6 1080.98 1081.6 2 408 204 204 -0.0160192 -0.0107312 -0.0257466 -0.0184996 -0.0199874
010 730 1075.04 1 500 500 3.13964e-317 1.76093 1.50056 1082.91 1084 1082.91 1084 1 420 205 215 -0.0168283 -0.0210144 -0.0138526 -0.0174069 -0.0165434
010 740 1070.13 1 498 502 3.13964e-317 1.77773 1.51397 1078.23 1078.4 1078.23 1078.4 3 392 200 192 -0.0163702 -0.0333064 -0.00301216 -0.0146414 -0.0173645
010 750 1064.37 1 500 500 3.13964e-317 1.77924 1.51893 1069.26 1071.2 1069.26 1071.2 1 356 177 179 -0.0117192 -0.0420909 0.00148609 -0.0156028 -0.0169839
010 760 1058.61 1 500 500 3.13964e-317 1.78143 1.53767 1065.41 1071.4 1065.41 1071.4 3 357 178 179 -0.0195889 -0.0232575 -0.0131132 -0.0174837 -0.0164321
010 770 1072.76 1 499 501 3.13964e-317 1.82056 1.57051 1079.17 1082.6 1079.17 1082.6 2 413 203 210 -0.0162471 0.0311393 -0.051739 -0.0182228 -0.016966
010 780 1092.33 1 497 503 3.13964e-317 1.86773 1.61658 1097.08 1101.6 1097.08 1101.6 5 508 270 238 -0.0140202 0.0298603 -0.060897 -0.0183688 -0.0186561
010 790 1088.51 1 495 505 3.13964e-317 1.90623 1.64315 1101.83 1103.6 1101.83 1103.6 4 518 280 238 -0.028398 0.0187743 -0.0489117 -0.0134523 -0.0155808
010 800 1103.81 1 494 506 3.13964e-317 1.9347 1.67521 1109.37 1113.8 1109.37 1113.8 3 569 298 271 -0.0155423 0.0160037 -0.0581739 -0.0164656 -0.0213341
010 810 1104.5 1 496 504 3.13964e-317 1.95862 1.69738 1109.28 1110.4 1109.28 1110.4 2 552 300 252 -0.0106865 0.0226545 -0.0656496 -0.0170562 -0.0169328
010 820 1106 1 496 504 3.13964e-317 1.99265 1.72733 1111.28 1112.8 1111.28 1112.8 0 564 301 263 -0.0120922 -0.0278923 -0.00413891 -0.0163483 -0.0179002
010 830 1094.17 1 498 502 3.13964e-317 1.99857 1.73004 1102 1100.6 1102 1100.6 1 503 250 253 -0.014255 -0.0371879 0.00908043 -0.011912 -0.0194042
010 840 1079.74 1 499 501 3.13964e-317 2.00181 1.74146 1091.89 1092.6 1091.89 1092.6 1 463 224 239 -0.0250031 -0.0618349 0.0309911 -0.0129933 -0.0163585
010 850 1079.38 1 500 500 3.13964e-317 2.01554 1.75232 1085.11 1085.8 1085.11 1085.8 4 429 203 226 -0.012151 -0.0297499 -0.00164024 -0.00979702 -0.0197941
010 860 1070.29 1 501 499 3.13964e-317 2.02177 1.75612 1077.14 1078 1077.14 1078 2 390 189 201 -0.0145574 -0.0631086 0.0250821 -0.0120351 -0.0166524
010 870 1054.44 1 503 497 3.13964e-317 2.02396 1.75794 1065.14 1065.6 1065.14 1065.6 2 328 152 176 -0.0218613 -0.0677945 0.0161524 -0.0182293 -0.0149246
010 880 1057.65 1 502 498 3.13964e-317 2.03084 1.77225 1062.58 1064.6 1062.58 1064.6 0 323 153 170 -0.0118844 -0.0608884 0.00814974 -0.0167998 -0.0168847
010 890 1057.47 1 501 499 3.13964e-317 2.05864 1.79318 1064.01 1066.8 1064.01 1066.8 2 334 165 169 -0.0158631 -0.072628 0.018662 -0.0137485 -0.0146583
010 900 1055.77 1 500 500 3.13964e-317 2.07268 1.80264 1062.43 1063.8 1062.43 1063.8 0 319 149 170 -0.0146828 -0.0729728 0.0228013 -0.0121009 -0.0135525
010 910 1050.27 1 501 499 3.13964e-317 2.07494 1.80427 1057.68 1057 1057.68 1057 3 285 134 151 -0.0141403 -0.103635 0.0333739 -0.0109874 -0.0190091
010 920 1048.57 1 501 499 3.13964e-317 2.09043 1.82496 1059.41 1059 1059.41 1059 0 295 138 157 -0.0212686 -0.0965074 0.0302154 -0.012988 -0.0132601
010 930 1044.47 1 502 498 3.13964e-317 2.08681 1.82511 1051.21 1053.2 1051.21 1053.2 2 266 122 144 -0.0154796 -0.0777738 0.0172006 -0.016042 -0.0141318
010 940 1045.1 1 503 497 3.13964e-317 2.102 1.84595 1052.77 1054.2 1052.77 1054.2 3 271 112 159 -0.0167639 -0.0946745 0.0237812 -0.0141941 -0.0142926
010 950 1043.12 1 503 497 3.13964e-317 2.11118 1.84888 1047.36 1047 1047.36 1047 1 235 102 133 -0.00810781 -0.101201 0.0295444 -0.0129101 -0.0143013
010 960 1043.19 1 504 496 3.13964e-317 2.12091 1.85774 1046.5 1047.6 1046.5 1047.6 3 238 109 129 -0.00772392 -0.0988061 0.0254825 -0.01638 -0.00915899
010 970 1040.84 1 501 499 3.13964e-317 2.13156 1.88067 1044.59 1049 1044.59 1049 4 245 109 136 -0.0118975 -0.0824058 0.0131699 -0.0121737 -0.0198029
010 980 1044.07 1 501 499 3.13964e-317 2.15678 1.89407 1049.92 1053.4 1049.92 1053.4 5 267 121 146 -0.0151783 -0.0679473 0.0108666 -0.0123223 -0.0141824
010 990 1049.16 1 500 500 3.13964e-317 2.17961 1.92191 1053.67 1058.8 1053.67 1058.8 5 294 132 162 -0.014155 -0.0323212 -0.00648578 -0.0122319 -0.0178944
010 1000 1051.64 1 501 499 3.13964e-317 2.20491 1.93606 1057 1062.8 1057 1062.8 4 314 145 169 -0.0165258 -0.0344253 -0.0040365 -0.0136564 -0.0146575
010 1010 1055.52 1 501 499 3.13964e-317 2.22445 1.95103 1059.96 1061 1059.96 1061 1 305 149 156 -0.00993289 -0.0831556 0.0245661 -0.0144023 -0.0122974
010 1020 1051.75 1 501 499 3.13964e-317 2.23669 1.9731 1056.62 1061.6 1056.62 1061.6 2 308 155 153 -0.0147227 -0.0402306 -0.00304187 -0.0172718 -0.014243
010 1030 1054.51 1 500 500 3.13964e-317 2.26202 1.99564 1061.89 1061.8 1061.89 1061.8 2 309 156 153 -0.0146731 -0.0743532 0.0176873 -0.0123886 -0.0174015
010 1040 1054.43 1 501 499 3.13964e-317 2.27743 1.99877 1058.13 1058 1058.13 1058 1 290 138 152 -0.00728281 -0.0655234 0.0152923 -0.0156001 -0.0106997
010 1050 1046.74 1 502 498 3.13964e-317 2.28185 2.00624 1052.95 1055.6 1052.95 1055.6 4 278 127 151 -0.0150598 -0.0941726 0.0312006 -0.0114734 -0.0118823
010 1060 1047 1 502 498 3.13964e-317 2.29504 2.01222 1051.94 1053 1051.94 1053 6 265 118 147 -0.0109442 -0.0756665 0.014786 -0.0149242 -0.0146587
010 1070 1047.79 1 503 497 3.13964e-317 2.31764 2.02569 1053.8 1052.6 1053.8 1052.6 4 263 111 152 -0.0108187 -0.125099 0.036643 -0.0145061 -0.0128012
010 1080 1044.43 1 504 496 3.13964e-317 2.32138 2.03443 1049.03 1050.6 1049.03 1050.6 0 253 103 150 -0.0107647 -0.146924 0.0504347 -0.0148594 -0.012531
010 1090 1039.27 1 506 494 3.13964e-317 2.32311 2.03628 1043.04 1045.8 1043.04 1045.8 1 229 94 135 -0.0103046 -0.0573803 0.00858459 -0.0159236 -0.00850798
010 1100 1042.57 1 504 496 3.13964e-317 2.34266 2.05413 1047.08 1050.6 1047.08 1050.6 4 253 103 150 -0.0125361 -0.0725612 0.0125833 -0.0147232 -0.0109967
010 1110 1041.31 1 503 497 3.13964e-317 2.36467 2.06879 1048.78 1050.6 1048.78 1050.6 1 253 107 146 -0.0167679 -0.0282639 -0.00783795 -0.0130683 -0.0151206
010 1120 1046.73 1 504 496 3.13964e-317 2.39072 2.08009 1051.29 1052.8 1051.29 1052.8 1 264 114 150 -0.0106354 -0.056968 0.00248081 -0.0179017 -0.0128847
010 1130 1047.29 1 502 498 3.13964e-317 2.40109 2.08908 1052.01 1052.8 1052.01 1052.8 2 264 124 140 -0.0102315 -0.044031 0.00107495 -0.0125765 -0.0136043
010 1140 1050.72 1 501 499 3.13964e-317 2.41969 2.11396 1055.21 1058.6 1055.21 1058.6 2 293 135 158 -0.012375 -0.0352624 -0.0029575 -0.0121592 -0.0149534
010 1150 1051.42 1 502 498 3.13964e-317 2.4371 2.1256 1055.31 1057.6 1055.31 1057.6 2 288 140 148 -0.0100717 -0.0361843 0.000440096 -0.0121248 -0.0116789
010 1160 1050.1 1 501 499 3.13964e-317 2.45002 2.1497 1055.38 1058 1055.38 1058 2 290 141 149 -0.0131812 -0.044861 0.00234082 -0.0136385 -0.0127368
010 1170 1053.23 1 500 500 3.13964e-317 2.47226 2.17918 1057.72 1062 1057.72 1062 3 310 154 156 -0.013264 -0.0205937 -0.0126568 -0.0144423 -0.0161732
010 1180 1056.86 1 500 500 3.13964e-317 2.49263 2.18992 1061.49 1062.4 1061.49 1062.4 0 312 146 166 -0.01017 -0.0420435 0.00684651 -0.00805693 -0.0117886
010 1190 1055.65 1 501 499 3.13964e-317 2.50805 2.21073 1061.48 1063.6 1061.48 1063.6 2 318 152 166 -0.0137862 -0.0373414 0.000690794 -0.0129023 -0.01249
010 1200 1056.69 1 501 499 3.13964e-317 2.51795 2.22275 1061.65 1062.6 1061.65 1062.6 1 313 149 164 -0.0108647 -0.089549 0.0262216 -0.0141114 -0.0158776
010 1210 1046.2 1 501 499 3.13964e-317 2.51434 2.22308 1053.03 1056.6 1053.03 1056.6 1 283 139 144 -0.017225 -0.0351521 -0.00411893 -0.0158442 -0.0131859
010 1220 1054.47 1 499 501 3.13964e-317 2.54302 2.23485 1059.58 1057.2 1059.58 1057.2 1 286 146 140 -0.00784085 -0.0879463 0.0281238 -0.0109499 -0.0147405
010 1230 1053.64 1 500 500 3.13964e-317 2.54928 2.25231 1055.9 1058.2 1055.9 1058.2 2 291 152 139 -0.00681912 -0.0414883 0.00348276 -0.0146103 -0.00945422
010 1240 1050.69 1 498 502 3.13964e-317 2.55635 2.25792 1055.14 1057.4 1055.14 1057.4 3 287 151 136 -0.0111624 -0.0486277 0.00738345 -0.0116805 -0.0113056
010 1250 1051.38 1 497 503 3.13964e-317 2.56937 2.27538 1057.19 1059.2 1057.19 1059.2 2 296 146 150 -0.0136208 -0.0541431 0.00748862 -0.0091683 -0.0171001
010 1260 1052.22 1 500 500 3.13964e-317 2.58254 2.28974 1056.66 1060.8 1056.66 1060.8 1 304 158 146 -0.0130157 -0.08268 0.0175101 -0.0176239 -0.0148841
010 1270 1053.62 1 500 500 3.13964e-317 2.59928 2.30417 1058.59 1060.8 1058.59 1060.8 1 304 152 152 -0.0121483 -0.028066 -0.0076979 -0.0137476 -0.0156615
010 1280 1056.58 1 499 501 3.13964e-317 2.62725 2.33629 1062.94 1067.2 1062.94 1067.2 3 336 154 182 -0.0169725 -0.0293974 -0.00619987 -0.0109466 -0.0176316
010 1290 1066.46 1 501 499 3.13964e-317 2.67178 2.36604 1070.79 1073.6 1070.79 1073.6 2 368 176 192 -0.0114745 -0.00235237 -0.01939 -0.0117731 -0.0144043
010 1300 1074.49 1 501 499 3.13964e-317 2.71611 2.39626 1078.94 1082.2 1078.94 1082.2 3 411 198 213 -0.0121612 0.00612458 -0.0299768 -0.016126 -0.0142929
010 1310 1078.24 1 499 501 3.13964e-317 2.74438 2.41178 1083.69 1086.2 1083.69 1086.2 2 431 205 226 -0.0134101 -0.0437949 0.0121228 -0.00761765 -0.0165436
010 1320 1076.36 1 500 500 3.13964e-317 2.74795 2.41249 1079.4 1083 1079.4 1083 1 415 199 216 -0.00969198 -0.0242598 -0.00577236 -0.0114248 -0.0161671
010 1330 1079.32 1 499 501 3.13964e-317 2.77689 2.44144 1084.18 1085.4 1084.18 1085.4 3 427 215 212 -0.0109437 -0.0310288 0.000893988 -0.0104429 -0.0157866
010 1340 1078.92 1 500 500 3.13964e-317 2.78951 2.45681 1083.17 1084.4 1083.17 1084.4 0 422 212 210 -0.0097341 -0.023196 -0.000944074 -0.0116462 -0.0099571
010 1350 1074.17 1 499 501 3.13964e-317 2.78667 2.46207 1076.65 1077.4 1076.65 1077.4 1 387 186 201 -0.00571378 -0.0692419 0.0305608 -0.00817251 -0.0155235
010 1360 1064.12 1 500 500 3.13964e-317 2.7874 2.46901 1070.26 1071 1070.26 1071 3 355 166 189 -0.0130311 -0.0986409 0.0456592 -0.00691812 -0.0189351
010 1370 1052.16 1 500 500 3.13964e-317 2.77954 2.45699 1061.46 1061.2 1061.46 1061.2 2 306 148 158 -0.0183442 -0.0884032 0.037547 -0.00636751 -0.0135049
010 1380 1054.31 1 501 499 3.13964e-317 2.78992 2.47065 1059.78 1061.8 1059.78 1061.8 3 309 140 169 -0.012952 -0.0932984 0.0317845 -0.00911811 -0.0158852
010 1390 1050.32 1 504 496 3.13964e-317 2.79777 2.47172 1056.5 1056 1056.5 1056 1 280 121 159 -0.0118709 -0.112062 0.0406862 -0.0134408 -0.0127157
010 1400 1049.05 1 502 498 3.13964e-317 2.80575 2.49451 1054.96 1057.6 1054.96 1057.6 1 288 125 163 -0.0144587 -0.0785433 0.0202072 -0.0124242 -0.0121374
010 1410 1048.4 1 503 497 3.13964e-317 2.81737 2.50947 1053.16 1056.2 1053.16 1056.2 2 281 121 160 -0.0125571 -0.0647267 0.0130053 -0.0119919 -0.0122136
010 1420 1054.62 1 504 496 3.13964e-317 2.84405 2.52786 1056.99 1060 1056.99 1060 1 300 130 170 -0.00774649 -0.0308041 -0.00190149 -0.0125085 -0.0104695
010 1430 1050.57 1 504 496 3.13964e-317 2.86037 2.54961 1057.54 1061.8 1057.54 1061.8 4 309 133 176 -0.0182018 -0.0780932 0.0191616 -0.013483 -0.0147236
010 1440 1051.67 1 502 498 3.13964e-317 2.86756 2.55708 1056.22 1059.2 1056.22 1059.2 2 296 135 161 -0.0120902 -0.0810207 0.0241907 -0.0118904 -0.0129597
010 1450 1055.59 1 501 499 3.13964e-317 2.897 2.57297 1062.13 1063 1062.13 1063 0 315 156 159 -0.0139493 -0.067018 0.0201073 -0.00959665 -0.0103066
010 1460 1059.63 1 501 499 3.13964e-317 2.91788 2.60132 1064.29 1065.6 1064.29 1065.6 2 328 161 167 -0.0106354 -0.0239096 -0.00355916 -0.0091633 -0.0120433
010 1470 1064.79 1 499 501 3.13964e-317 2.94034 2.6293 1068.72 1070.8 1068.72 1070.8 2 354 176 178 -0.00993129 -0.0311256 -0.00264164 -0.0107631 -0.0159297
010 1480 1063.5 1 500 500 3.13964e-317 2.95964 2.63542 1067.94 1065.2 1067.94 1065.2 1 326 165 161 -0.00614338 -0.0540288 0.0159518 -0.0106337 -0.0109279
010 1490 1060.28 1 500 500 3.13964e-317 2.96116 2.65297 1063.03 1067.4 1063.03 1067.4 3 337 165 172 -0.0098655 -0.0143154 -0.0106436 -0.0116084 -0.0123519
010 1500 1061.29 1 501 499 3.13964e-317 2.98127 2.66926 1065.2 1067.2 1065.2 1067.2 0 336 165 171 -0.00981195 -0.0686518 0.0272459 -0.00922976 -0.00877709
010 1510 1061.04 1 500 500 3.13964e-317 3.01427 2.69319 1067.2 1068.4 1067.2 1068.4 1 342 162 180 -0.0135248 -0.0858819 0.0329034 -0.0119696 -0.0113112
010 1520 1059.23 1 501 499 3.13964e-317 3.02772 2.70278 1065.59 1064.6 1065.59 1064.6 2 323 150 173 -0.0117247 -0.0905786 0.0339548 -0.0128085 -0.0131808
010 1530 1050.9 1 502 498 3.13964e-317 3.02594 2.6969 1057.73 1057.4 1057.73 1057.4 1 287 131 156 -0.0133168 -0.132852 0.0598528 -0.0116646 -0.0116163
010 1540 1046.56 1 501 499 3.13964e-317 3.0278 2.69986 1052.1 1054.8 1052.1 1054.8 1 274 122 152 -0.0137793 -0.114632 0.0419497 -0.00615787 -0.0139283
010 1550 1053.84 1 503 497 3.13964e-317 3.06425 2.72474 1058.67 1061 1058.67 1061 1 305 142 163 -0.0119887 -0.0548676 0.00881696 -0.0149077 -0.0097138
010 1560 1051.44 1 503 497 3.13964e-317 3.07211 2.73481 1057.11 1057.6 1057.11 1057.6 2 288 128 160 -0.0118252 -0.0940709 0.036026 -0.00941455 -0.0103876
010 1570 1050.02 1 504 496 3.13964e-317 3.08062 2.74038 1055.04 1056 1055.04 1056 0 280 126 154 -0.0109929 -0.121822 0.0430977 -0.0125124 -0.0114497
010 1580 1038.15 1 503 497 3.13964e-317 3.07268 2.73427 1046.3 1045.6 1046.3 1045.6 0 228 101 127 -0.015602 -0.0945807 0.0282317 -0.0118832 -0.0134527
010 1590 1043.69 1 502 498 3.13964e-317 3.08478 2.75937 1047.8 1051 1047.8 1051 2 255 114 141 -0.0114271 -0.0814835 0.0213904 -0.00861864 -0.011158
010 1600 1044.59 1 502 498 3.13964e-317 3.10362 2.77075 1049.45 1052 1049.45 1052 1 260 118 142 -0.0122729 -0.0685623 0.0133877 -0.0119888 -0.012045
010 1610 1048.51 1 502 498 3.13964e-317 3.11671 2.78649 1051.95 1054.4 1051.95 1054.4 2 272 120 152 -0.00931735 -0.0618539 0.0135517 -0.0107733 -0.0108355
010 1620 1050.7 1 502 498 3.13964e-317 3.14257 2.81752 1056.22 1061 1056.22 1061 1 305 136 169 -0.0158262 -0.0926813 0.0275155 -0.0117161 -0.0133103
010 1630 1049.49 1 503 497 3.13964e-317 3.1532 2.81562 1055.32 1055.2 1055.32 1055.2 2 276 116 160 -0.0115418 -0.120865 0.0476198 -0.0100419 -0.00996135
010 1640 1046.44 1 502 498 3.13964e-317 3.1572 2.81718 1051.26 1052.2 1051.26 1052.2 2 261 117 144 -0.0105786 -0.0499914 0.00886641 -0.0119978 -0.0094586
010 1650 1046.57 1 502 498 3.13964e-317 3.16544 2.82915 1050.69 1052.4 1050.69 1052.4 1 262 121 141 -0.00993683 -0.0704479 0.0184643 -0.00851483 -0.0100439
010 1660 1047.8 1 502 498 3.13964e-317 3.18317 2.8521 1052.65 1054.2 1052.65 1054.2 0 271 129 142 -0.0112506 -0.0763724 0.0215751 -0.011353 -0.00658756
010 1670 1055.06 1 502 498 3.13964e-317 3.20529 2.87213 1056.85 1058 1056.85 1058 3 290 130 160 -0.00473621 -0.0441433 0.00838151 -0.00858524 -0.00942651
010 1680 1054.22 1 502 498 3.13964e-317 3.21448 2.88677 1057.53 1057.6 1057.53 1057.6 0 288 141 147 -0.00669497 -0.0736029 0.0232663 -0.00980958 -0.00855518
010 1690 1050.53 1 501 499 3.13964e-317 3.21409 2.8953 1054.68 1057.2 1054.68 1057.2 3 286 140 146 -0.010821 -0.0834868 0.0267131 -0.0124847 -0.00901811
010 1700 1052.81 1 501 499 3.13964e-317 3.23431 2.91137 1057.07 1058.2 1057.07 1058.2 1 291 142 149 -0.00965428 -0.0317082 0.000459858 -0.0112128 -0.00960986
010 1710 1061.06 1 501 499 3.13964e-317 3.26901 2.95018 1064.47 1066.8 1064.47 1066.8 1 334 164 170 -0.00914616 -0.0267575 -0.00131514 -0.0113457 -0.00908969
010 1720 1065.53 1 500 500 3.13964e-317 3.28663 2.98026 1068.7 1071.8 1068.7 1071.8 0 359 165 194 -0.00944434 -0.00422892 -0.0109103 -0.00676789 -0.0101887
010 1730 1068.79 1 501 499 3.13964e-317 3.30663 3.00422 1071.7 1075 1071.7 1075 1 375 177 198 -0.00912171 0.00536272 -0.0212396 -0.00992067 -0.0119191
010 1740 1072.78 1 501 499 3.13964e-317 3.34046 3.02998 1076.92 1079.6 1076.92 1079.6 4 398 186 212 -0.0109591 -0.0335947 0.000397796 -0.0133554 -0.0137918
010 1750 1072.24 1 501 499 3.13964e-317 3.35884 3.04855 1078.99 1080.8 1078.99 1080.8 0 404 187 217 -0.0153216 -0.0568278 0.0229168 -0.00910884 -0.0118891
010 1760 1074.11 1 501 499 3.13964e-317 3.36177 3.06391 1078.62 1081.8 1078.62 1081.8 1 409 192 217 -0.0121968 -0.051376 0.0191771 -0.00913629 -0.0126278
010 1770 1065.81 1 502 498 3.13964e-317 3.34077 3.04941 1069.68 1073.6 1069.68 1073.6 2 368 182 186 -0.0116494 -0.053219 0.0207926 -0.00960122 -0.0103929
010 1780 1064.62 1 502 498 3.13964e-317 3.35508 3.0492 1070.09 1069.8 1070.09 1069.8 0 349 166 183 -0.0106482 -0.0798444 0.0336794 -0.0141448 -0.0083842
010 1790 1055.16 1 502 498 3.13964e-317 3.34569 3.0545 1064.19 1065.4 1064.19 1065.4 1 327 144 183 -0.0192647 -0.063045 0.0213604 -0.00868272 -0.0130998
010 1800 1061.84 1 503 497 3.13964e-317 3.35282 3.07237 1062.97 1066 1062.97 1066 2 330 154 176 -0.00528741 -0.0293535 0.000255606 -0.012716 -0.00800385
010 1810 1061.65 1 502 498 3.13964e-317 3.372 3.09665 1066.99 1067.6 1066.99 1067.6 1 338 155 183 -0.0112809 -0.0563925 0.0155084 -0.0115758 -0.0117652
010 1820 1056.96 1 502 498 3.13964e-317 3.37656 3.09446 1065.49 1062.2 1065.49 1062.2 1 311 142 169 -0.0137726 -0.0871058 0.0341651 -0.0133314 -0.0100059
010 1830 1055.39 1 502 498 3.13964e-317 3.37062 3.10529 1057.93 1061 1057.93 1061 2 305 143 162 -0.00814425 -0.0663925 0.0199755 -0.0108554 -0.0112072
010 1840 1049.33 1 503 497 3.13964e-317 3.37135 3.11283 1055.37 1056.8 1055.37 1056.8 0 284 132 152 -0.0135045 -0.091029 0.0336411 -0.00944447 -0.00979644
010 1850 1050.4 1 504 496 3.13964e-317 3.37366 3.12985 1054.91 1056.6 1054.91 1056.6 1 283 124 159 -0.0107042 -0.0879416 0.0278614 -0.0127032 -0.00819948
010 1860 1055.55 1 504 496 3.13964e-317 3.39634 3.15985 1059.05 1061.2 1059.05 1061.2 0 306 132 174 -0.00914163 -0.0934374 0.0320072 -0.00977752 -0.0112715
010 1870 1048.74 1 505 495 3.13964e-317 3.40836 3.1438 1055.02 1052.8 1055.02 1052.8 1 264 112 152 -0.0103464 -0.0889081 0.0283379 -0.0132289 -0.00978822
010 1880 1051.21 1 504 496 3.13964e-317 3.41284 3.16479 1055.18 1055.8 1055.18 1055.8 1 279 117 162 -0.00857102 -0.0783943 0.023199 -0.0117146 -0.00871175
010 1890 1055.03 1 502 498 3.13964e-317 3.42656 3.19654 1057.26 1060.2 1057.26 1060.2 2 301 132 169 -0.0073886 -0.0710563 0.0212468 -0.00524674 -0.011358
010 1900 1049.73 1 503 497 3.13964e-317 3.44189 3.20651 1057.78 1059.6 1057.78 1059.6 4 298 135 163 -0.017932 -0.0838016 0.0276882 -0.0114517 -0.00919449
010 1910 1049.59 1 502 498 3.13964e-317 3.43754 3.20689 1053.93 1055 1053.93 1055 4 275 125 150 -0.00975539 -0.127331 0.0528054 -0.0102202 -0.00990282
010 1920 1046.24 1 500 500 3.13964e-317 3.43529 3.2236 1049.74 1053.6 1049.74 1053.6 2 268 116 152 -0.0108651 -0.148513 0.0551486 -0.00253054 -0.016701
010 1930 1046.26 1 502 498 3.13964e-317 3.43992 3.22727 1048.01 1050.4 1048.01 1050.4 2 252 110 142 -0.00589379 -0.07484 0.022282 -0.00674994 -0.0106655
010 1940 1048.49 1 502 498 3.13964e-317 3.46293 3.24703 1052.3 1054 1052.3 1054 2 270 116 154 -0.00931256 -0.0417369 0.00600301 -0.00744391 -0.00891342
010 1950 1052.36 1 503 497 3.13964e-317 3.4839 3.2668 1055.35 1057.6 1055.35 1057.6 2 288 136 152 -0.0082352 -0.0643021 0.0159606 -0.0128437 -0.0078576
010 1960 1054.32 1 502 498 3.13964e-317 3.49237 3.28195 1056.52 1058 1056.52 1058 2 290 144 146 -0.00588522 -0.0601115 0.0145616 -0.0143454 -0.00533158
010 1970 1052.8 1 500 500 3.13964e-317 3.49759 3.29266 1054.12 1056.4 1054.12 1056.4 3 282 128 154 -0.0049256 -0.0715608 0.0191727 -0.00983434 -0.0117044
010 1980 1057.42 1 501 499 3.13964e-317 3.52835 3.31559 1059.03 1060 1059.03 1060 0 300 138 162 -0.004188 -0.0738567 0.0227356 -0.00636342 -0.0113467
010 1990 1050.31 1 501 499 3.13964e-317 3.51786 3.31082 1053.2 1054.8 1053.2 1054.8 1 274 126 148 -0.00738241 -0.0727253 0.0240165 -0.0032303 -0.0120234
010 2000 1051.79 1.5 502 498 3.13964e-317 2.35403 4.44035 1054.45 2115.2 1054.45 1057.6 1 288 133 155 -0.0142731 -0.0656568 0.0172413 -0.00704862 -0.012041
010 2010 1046.09 1.5 502 498 3.13964e-317 2.34516 4.4297 1048.33 2101.6 1048.33 1050.8 0 254 115 139 -0.0116511 -0.0972876 0.0237859 -0.63254 0.605397
010 2020 1037.61 1.5 500 500 3.13964e-317 2.33965 4.44294 1044.68 2097.2 1044.68 1048.6 9 243 107 136 -0.0290413 -0.109818 0.0259084 -0.696493 0.661988
010 2030 1042.62 1.5 495 505 3.13964e-317 2.34425 4.46649 1046.37 2094 1046.37 1047 1 235 104 131 -0.012515 -0.0948835 0.0176896 -0.683212 0.635003
010 2040 1042.05 1.5 492 508 3.13964e-317 2.35372 4.49317 1044.31 2098 1044.31 1049 4 245 107 138 -0.0161549 0.00559773 -0.0273232 -0.680323 0.624227
010 2050 1049.29 1.5 491 509 3.13964e-317 2.38755 4.54335 1053.2 2110 1053.2 1055 2 275 128 147 -0.0153365 -0.0631305 0.00182144 -0.686141 0.625769
010 2060 1049.82 1.5 487 513 3.13964e-317 2.40969 4.60447 1055.97 2125.6 1055.97 1062.8 3 314 144 170 -0.0320992 -0.00549682 -0.0312576 -0.687031 0.60765
010 2070 1071.99 1.5 481 519 3.13964e-317 2.45707 4.69494 1075.04 2156.4 1075.04 1078.2 4 391 171 220 -0.0154763 -0.0480974 -0.00195744 -0.677434 0.588235
010 2080 1062.17 1.5 478 522 3.13964e-317 2.44964 4.69617 1069.36 2146.8 1069.36 1073.4 6 367 151 216 -0.0296663 -0.0303637 -0.00990079 -0.654993 0.564979
010 2090 1064.69 1.5 472 528 3.13964e-317 2.46093 4.72879 1070.36 2146.8 1070.36 1073.4 4 367 150 217 -0.0230863 -0.0507992 0.00352685 -0.636253 0.53481
010 2100 1057.62 1.5 470 530 3.13964e-317 2.45905 4.71572 1065.53 2132 1065.53 1066 5 330 130 200 -0.0246533 -0.102705 0.0358688 -0.619856 0.513514
010 2110 1058.78 1.5 464 536 3.13964e-317 2.46896 4.75809 1063.56 2135.2 1063.56 1067.6 2 338 146 192 -0.0224304 0.00578587 -0.0337839 -0.604863 0.48812
010 2120 1061.62 1.5 460 540 3.13964e-317 2.47527 4.78471 1065.61 2135.2 1065.61 1067.6 3 338 141 197 -0.0159512 -0.0431248 -0.000548868 -0.596727 0.477504
010 2130 1066.81 1.5 459 541 3.13964e-317 2.49637 4.84785 1070.4 2146.8 1070.4 1073.4 4 367 157 210 -0.0167515 -0.04462 -0.00479429 -0.598763 0.471393
010 2140 1065.41 1.5 456 544 3.13964e-317 2.50172 4.88256 1069.62 2146 1069.62 1073 1 365 163 202 -0.0193988 -0.0161826 -0.0206357 -0.588066 0.458181
010 2150 1066.31 1.5 452 548 3.13964e-317 2.51521 4.93405 1072.43 2151.2 1072.43 1075.6 1 378 166 212 -0.0246891 0.00754197 -0.039971 -0.582968 0.442063
010 2160 1077.98 1.5 449 551 3.13964e-317 2.55568 5.0142 1083.23 2172 1083.23 1086 3 430 193 237 -0.0212989 -0.0230011 -0.0199898 -0.580653 0.434502
010 2170 1073.27 1.5 446 554 3.13964e-317 2.56524 5.02263 1080.25 2161.2 1080.25 1080.6 2 403 171 232 -0.0216573 -0.0610492 0.0161145 -0.567684 0.42454
010 2180 1068.88 1.5 439 561 3.13964e-317 2.56461 5.03995 1072.9 2152 1072.9 1076 4 380 156 224 -0.018261 -0.0452439 -0.00516372 -0.542443 0.385839
010 2190 1068.15 1.5 436 564 3.13964e-317 2.5836 5.05671 1072.72 2148 1072.72 1074 2 370 152 218 -0.0162826 -0.0558386 6.1019e-05 -0.525298 0.366445
010 2200 1058.81 1.5 434 566 3.13964e-317 2.57591 5.03146 1063.38 2130 1063.38 1065 3 325 116 209 -0.0169615 -0.0467042 -0.00151658 -0.502124 0.351205
010 2210 1060.39 1.5 433 567 3.13964e-317 2.59565 5.07143 1065.86 2136 1065.86 1068 2 340 125 215 -0.0207024 -0.0315555 -0.0114445 -0.491749 0.342616
010 2220 1067.94 1.5 431 569 3.13964e-317 2.62071 5.12632 1072.72 2150 1072.72 1075 2 375 140 235 -0.0189104 -0.0192716 -0.0193248 -0.491584 0.338432
010 2230 1062.12 1.5 425 575 3.13964e-317 2.62288 5.12281 1068.87 2139.6 1068.87 1069.8 1 349 127 222 -0.0221025 -0.0542723 0.00242799 -0.475841 0.317671
010 2240 1063.76 1.5 420 580 3.13964e-317 2.62539 5.15352 1067.67 2139.6 1067.67 1069.8 1 349 119 230 -0.015991 -0.0599303 0.00222639 -0.450089 0.288733
010 2250 1057.54 1.5 416 584 3.13964e-317 2.62128 5.16532 1063.18 2131.2 1063.18 1065.6 2 328 109 219 -0.0217671 -0.097427 0.0295391 -0.427199 0.27075
010 2260 1066.07 1.5 412 588 3.13964e-317 2.65409 5.2461 1071.67 2152 1071.67 1076 4 380 130 250 -0.0254541 0.0911169 -0.0949827 -0.412266 0.241586
010 2270 1082.27 1.5 410 590 3.13964e-317 2.70104 5.34031 1087.13 2174 1087.13 1087 0 435 156 279 -0.0143204 0.0752483 -0.106516 -0.411404 0.244297
010 2280 1099.78 1.5 406 594 3.13964e-317 2.74598 5.46253 1102.5 2214 1102.5 1107 0 535 213 322 -0.0171593 0.0439532 -0.0818706 -0.411573 0.247911
010 2290 1096.16 1.5 400 600 3.13964e-317 2.74631 5.46523 1099.21 2197.2 1099.21 1098.6 2 493 186 307 -0.00793654 -0.0808855 0.0486741 -0.38922 0.224432
010 2300 1079.69 1.5 397 603 3.13964e-317 2.7264 5.42422 1086.83 2170 1086.83 1085 2 425 164 261 -0.0177606 -0.0633212 0.0221646 -0.370332 0.213518
010 2310 1059.88 1.5 397 603 3.13964e-317 2.68025 5.35113 1064.43 2132 1064.43 1066 2 330 126 204 -0.0167916 -0.0617693 0.014337 -0.35815 0.206437
010 2320 1052.4 1.5 395 605 3.13964e-317 2.67391 5.34994 1056.94 2121.6 1056.94 1060.8 5 304 98 206 -0.0213504 -0.115713 0.0373467 -0.341026 0.190523
010 2330 1051.49 1.5 395 605 3.13964e-317 2.68144 5.35476 1056.01 2117.2 1056.01 1058.6 4 293 90 203 -0.0187485 -0.10136 0.0266589 -0.328733 0.185689
010 2340 1047.19 1.5 394 606 3.13964e-317 2.68169 5.36984 1053.1 2114.4 1053.1 1057.2 2 286 77 209 -0.0259189 -0.0702367 0.00587812 -0.309861 0.168581
010 2350 1050.13 1.5 392 608 3.13964e-317 2.68766 5.38908 1053.1 2110.8 1053.1 1055.4 2 277 66 211 -0.0135188 -0.148141 0.0453757 -0.295921 0.161344
010 2360 1045.86 1.5 392 608 3.13964e-317 2.68388 5.38686 1050.19 2102.8 1050.19 1051.4 1 257 73 184 -0.0154179 -0.11598 0.0272295 -0.301037 0.163502
010 2370 1036.46 1.5 388 612 3.13964e-317 2.67091 5.38423 1044.04 2090.4 1044.04 1045.2 4 226 59 167 -0.0250467 -0.197216 0.0671903 -0.2879 0.15579
010 2380 1040.55 1.5 385 615 3.13964e-317 2.67377 5.41907 1043.15 2093.2 1043.15 1046.6 2 233 46 187 -0.0147067 -0.2317 0.079777 -0.264456 0.134216
010 2390 1029.07 1.5 383 617 3.13964e-317 2.65902 5.41572 1034.83 2081.6 1034.83 1040.8 2 204 42 162 -0.0292304 -0.154414 0.0403614 -0.250611 0.125646
010 2400 1030.52 1.5 382 618 3.13964e-317 2.66396 5.42905 1034.46 2076 1034.46 1038 2 190 58 132 -0.0189047 -0.149101 0.034951 -0.256059 0.129626
010 2410 1033.4 1.5 379 621 3.13964e-317 2.67271 5.4379 1036.37 2070.4 1036.37 1035.2 3 176 49 127 -0.00657957 -0.194651 0.0450701 -0.256414 0.128315
010 2420 1033.17 1.5 374 626 3.13964e-317 2.66903 5.48873 1034.97 2076.4 1034.97 1038.2 0 191 41 150 -0.0118431 -0.112185 0.0136039 -0.225905 0.102443
010 2430 1038.48 1.5 370 630 3.13964e-317 2.6871 5.5409 1040.3 2089.6 1040.3 1044.8 5 224 57 167 -0.014463 -0.0431272 -0.0137513 -0.203445 0.0856728
010 2440 1040.54 1.5 367 633 3.13964e-317 2.6998 5.57463 1043.8 2094.8 1043.8 1047.4 1 237 72 165 -0.0169722 -0.0566603 -0.00146514 -0.194239 0.0863223
010 2450 1039.19 1.5 364 636 3.13964e-317 2.70827 5.58103 1043.72 2090.8 1043.72 1045.4 3 227 67 160 -0.0169484 -0.118041 0.0256325 -0.178011 0.0753161
010 2460 1040.28 1.5 363 637 3.13964e-317 2.71222 5.61111 1044.7 2095.6 1044.7 1047.8 3 239 73 166 -0.0194582 -0.15965 0.0461103 -0.17274 0.0739199
010 2470 1030.07 1.5 358 642 3.13964e-317 2.69321 5.58736 1035.94 2073.2 1035.94 1036.6 2 183 53 130 -0.0189178 -0.151013 0.0418637 -0.153206 0.0605116
010 2480 1037.44 1.5 356 644 3.13964e-317 2.7135 5.64305 1040.97 2087.2 1040.97 1043.6 2 218 58 160 -0.0158638 -0.123981 0.0312526 -0.134414 0.0529287
010 2490 1037.6 1.5 356 644 3.13964e-317 2.73173 5.67242 1042.86 2088.8 1042.86 1044.4 2 222 53 169 -0.0188486 -0.224786 0.0652347 -0.131852 0.0424125
010 2500 1026.98 1.5 350 650 3.13964e-317 2.70903 5.64299 1032.25 2070 1032.25 1035 3 175 46 129 -0.0213263 -0.237162 0.0714215 -0.100404 0.0300648
010 2510 1021.61 1.5 347 653 3.13964e-317 2.69725 5.62276 1026.04 2054.4 1026.04 1027.2 1 136 35 101 -0.0155965 -0.276152 0.0870863 -0.0868057 0.0220698
010 2520 1023.81 1.5 347 653 3.13964e-317 2.69929 5.66253 1025.98 2060.4 1025.98 1030.2 4 151 30 121 -0.0149674 -0.265379 0.0670926 -0.0865799 0.0168847
010 2530 1023.74 1.5 347 653 3.13964e-317 2.70663 5.67559 1027.52 2057.2 1027.52 1028.6 2 143 39 104 -0.0135038 -0.265672 0.0655485 -0.0760949 0.0135026
010 2540 1024.54 1.5 344 656 3.13964e-317 2.7072 5.73219 1027.44 2066.8 1027.44 1033.4 2 167 40 127 -0.020607 -0.212753 0.0514596 -0.0719197 0.0110374
010 2550 1032.5 1.5 343 657 3.13964e-317 2.73154 5.76703 1035.9 2072 1035.9 1036 0 180 49 131 -0.0103984 -0.206664 0.0556765 -0.0600809 0.00989602
010 2560 1023.39 1.5 341 659 3.13964e-317 2.71513 5.76528 1027.26 2063.2 1027.26 1031.6 2 158 49 109 -0.0202801 -0.242448 0.0761008 -0.0607301 0.00865672
010 2570 1025.07 1.5 339 661 3.13964e-317 2.72008 5.81647 1029.43 2070.8 1029.43 1035.4 2 177 46 131 -0.025019 -0.212079 0.0540047 -0.0482008 -0.00387622
010 2580 1025.46 1.5 338 662 3.13964e-317 2.72741 5.82496 1029.96 2063.6 1029.96 1031.8 2 159 42 117 -0.0171716 -0.260506 0.0743449 -0.0246213 -0.0086611
010 2590 1024.04 1.5 334 666 3.13964e-317 2.73078 5.84646 1028.59 2061.6 1028.59 1030.8 0 154 34 120 -0.0180754 -0.1446 0.0277859 -0.0108431 -0.0178099
010 2600 1024.41 1.5 334 666 3.13964e-317 2.74167 5.88254 1028.1 2066 1028.1 1033 2 165 46 119 -0.0208751 -0.211445 0.0444228 -0.0154858 -0.020036
010 2610 1028.5 1.5 335 665 3.13964e-317 2.76396 5.92529 1034.09 2076 1034.09 1038 0 190 49 141 -0.0245987 -0.158665 0.0310686 -0.0171907 -0.0159487
010 2620 1036.82 1.5 335 665 3.13964e-317 2.79209 5.98055 1041.12 2088 1041.12 1044 1 220 64 156 -0.0186606 -0.0814368 0.00611418 -0.022778 -0.015668
010 2630 1045.5 1.5 335 665 3.13964e-317 2.81593 6.03417 1047.6 2098 1047.6 1049 1 245 73 172 -0.00909545 -0.11939 0.0237112 -0.0165003 -0.0154242
010 2640 1039.88 1.5 335 665 3.13964e-317 2.8254 6.03807 1044.27 2089.6 1044.27 1044.8 4 224 66 158 -0.014234 -0.0954984 0.0151837 -0.0210632 -0.0163219
010 2650 1036.94 1.5 335 665 3.13964e-317 2.82773 6.06677 1041.18 2091.2 1041.18 1045.6 4 228 56 172 -0.021553 -0.0579487 0.00138045 -0.0173319 -0.0162257
010 2660 1041.42 1.5 338 662 3.13964e-317 2.84981 6.08454 1044.39 2094.4 1044.39 1047.2 3 236 69 167 -0.0145453 -0.0934446 0.0132784 -0.0354049 -0.00797205
010 2670 1041.03 1.5 337 663 3.13964e-317 2.86527 6.11909 1048.28 2098.8 1048.28 1049.4 3 247 71 176 -0.0239978 -0.119887 0.0262364 -0.0348438 -0.00861576
010 2680 1039.96 1.5 336 664 3.13964e-317 2.86306 6.13593 1043.95 2091.6 1043.95 1045.8 4 229 76 153 -0.0156797 -0.136104 0.0411248 -0.0311315 -0.00959179
010 2690 1038.86 1.5 333 667 3.13964e-317 2.8681 6.17277 1044.16 2092 1044.16 1046 3 230 79 151 -0.0195722 -0.153151 0.0368012 -0.0239575 -0.0183007
010 2700 1035.58 1.5 332 668 3.13964e-317 2.86211 6.18038 1039.04 2082.8 1039.04 1041.4 2 207 70 137 -0.0150918 -0.152232 0.0369223 -0.0188734 -0.0217123
010 2710 1028.16 1.5 332 668 3.13964e-317 2.85626 6.17891 1033.24 2070 1033.24 1035 2 175 52 123 -0.0187508 -0.187501 0.0478316 -0.00882358 -0.0187776
010 2720 1026.81 1.5 335 665 3.13964e-317 2.86731 6.18894 1031.22 2065.6 1031.22 1032.8 1 164 52 112 -0.0163865 -0.152096 0.0347718 -0.023834 -0.0132619
010 2730 1029.14 1.5 334 666 3.13964e-317 2.87591 6.23201 1033.38 2072 1033.38 1036 4 180 48 132 -0.0179701 -0.191193 0.0443711 -0.0182421 -0.0207885
010 2740 1028.2 1.5 334 666 3.13964e-317 2.88941 6.258 1034.39 2070.8 1034.39 1035.4 3 177 43 134 -0.0206021 -0.142891 0.0229968 -0.0168837 -0.0225114
010 2750 1033.69 1.5 336 664 3.13964e-317 2.914 6.30665 1038.85 2080.4 1038.85 1040.2 5 201 52 149 -0.0181877 -0.173445 0.0420216 -0.0238202 -0.0142225
010 2760 1026.34 1.5 335 665 3.13964e-317 2.89248 6.28459 1028.69 2063.6 1028.69 1031.8 4 159 43 116 -0.0132776 -0.23876 0.0739426 -0.0167911 -0.0153053
010 2770 1029.66 1.5 336 664 3.13964e-317 2.91462 6.33541 1032.28 2073.2 1032.28 1036.6 1 183 57 126 -0.0164979 -0.144037 0.0368788 -0.0229189 -0.00915212
010 2780 1029.59 1.5 334 666 3.13964e-317 2.9228 6.35674 1033.11 2069.6 1033.11 1034.8 4 174 44 130 -0.0139531 -0.235406 0.0637391 -0.0132985 -0.0166555
010 2790 1028.38 1.5 336 664 3.13964e-317 2.92503 6.37486 1031.18 2070.4 1031.18 1035.2 1 176 42 134 -0.0164354 -0.245474 0.0696944 -0.0230296 -0.0110661
010 2800 1024.97 1.5 336 664 3.13964e-317 2.92819 6.38482 1031 2064.4 1031 1032.2 1 161 42 119 -0.0205025 -0.221309 0.0508726 -0.0190866 -0.0182553
010 2810 1026.52 1.5 337 663 3.13964e-317 2.94513 6.41956 1031.19 2070 1031.19 1035 1 175 50 125 -0.0216352 -0.0703806 0.00329454 -0.0282295 -0.0109076
010 2820 1027.95 1.5 335 665 3.13964e-317 2.95821 6.48213 1033.12 2076.4 1033.12 1038.2 2 191 54 137 -0.0256644 -0.191614 0.0412327 -0.0173254 -0.0199557
010 2830 1038.57 1.5 336 664 3.13964e-317 2.99427 6.53726 1042.34 2088 1042.34 1044 0 220 61 159 -0.0146147 -0.0850096 0.00922353 -0.0174882 -0.0175642
010 2840 1036.21 1.5 336 664 3.13964e-317 3.00591 6.53914 1042.11 2082 1042.11 1041 4 205 60 145 -0.0154852 -0.143598 0.0330221 -0.0284782 -0.0127296
010 2850 1032.22 1.5 336 664 3.13964e-317 3.00323 6.57489 1038.85 2081.2 1038.85 1040.6 3 203 59 144 -0.0233878 -0.135754 0.0314284 -0.0234201 -0.0140852
010 2860 1034.46 1.5 336 664 3.13964e-317 3.01324 6.5984 1039.4 2081.2 1039.4 1040.6 1 203 50 153 -0.0172151 -0.204767 0.0600558 -0.0168864 -0.0174678
010 2870 1027.37 1.5 338 662 3.13964e-317 3.00513 6.58455 1032.93 2070 1032.93 1035 3 175 46 129 -0.0208256 -0.189728 0.0507677 -0.0181684 -0.0168452
010 2880 1028.64 1.5 335 665 3.13964e-317 3.00918 6.59152 1032.85 2065.2 1032.85 1032.6 1 163 49 114 -0.012141 -0.143893 0.0298771 -0.0207241 -0.0180597
010 2890 1028.71 1.5 333 667 3.13964e-317 3.01244 6.62441 1034.32 2066.4 1034.32 1033.2 3 166 46 120 -0.0145724 -0.235931 0.0547276 -0.0165027 -0.0190928
010 2900 1031.78 1.5 336 664 3.13964e-317 3.02262 6.67274 1034.31 2073.6 1034.31 1036.8 3 184 45 139 -0.012565 -0.169787 0.0397408 -0.0183065 -0.0141919
010 2910 1035.4 1.5 335 665 3.13964e-317 3.0372 6.70486 1038.53 2076 1038.53 1038 3 190 61 129 -0.00833556 -0.298314 0.08268 -0.0147256 -0.0183569
010 2920 1027.32 1.5 335 665 3.13964e-317 3.02653 6.7148 1033.34 2072.4 1033.34 1036.2 3 181 51 130 -0.023783 -0.201497 0.0635126 -0.0118829 -0.0120816
010 2930 1028.72 1.5 336 664 3.13964e-317 3.03022 6.71615 1032.66 2064.8 1032.66 1032.4 1 162 51 111 -0.0113046 -0.187553 0.0470694 -0.0265554 -0.0093118
010 2940 1020.28 1.5 335 665 3.13964e-317 3.00826 6.70259 1024.9 2054 1024.9 1027 3 135 30 105 -0.0180693 -0.258564 0.0735825 -0.0143291 -0.0134912
010 2950 1022.79 1.5 335 665 3.13964e-317 3.0165 6.73755 1025.81 2056.8 1025.81 1028.4 4 142 34 108 -0.0142267 -0.217785 0.0541173 -0.00988733 -0.0187077
010 2960 1027.75 1.5 337 663 3.13964e-317 3.03988 6.77007 1031.39 2062.8 1031.39 1031.4 2 157 39 118 -0.0109423 -0.217149 0.0529526 -0.0154305 -0.0129145
010 2970 1026.36 1.5 337 663 3.13964e-317 3.03553 6.80571 1028.61 2065.6 1028.61 1032.8 4 164 41 123 -0.0151272 -0.164812 0.0360909 -0.0154054 -0.0162162
010 2980 1033.4 1.5 337 663 3.13964e-317 3.07078 6.88894 1037.87 2084 1037.87 1042 2 210 64 146 -0.0216755 -0.0781517 0.0110621 -0.0260795 -0.00612124
010 2990 1035.55 1.5 335 665 3.13964e-317 3.07362 6.92207 1037.92 2086 1037.92 1043 1 215 70 145 -0.0172754 -0.0971822 0.0177428 -0.0233634 -0.00924773
010 3000 1035.37 1.5 333 667 3.13964e-317 3.07658 6.94263 1037.62 2080.8 1037.62 1040.4 4 202 66 136 -0.012301 -0.156179 0.0424367 -0.0089688 -0.0152762
010 3010 1037.48 1.5 335 665 3.13964e-317 3.10268 6.98419 1042.02 2087.6 1042.02 1043.8 2 219 64 155 -0.017191 -0.160534 0.0466787 -0.0133289 -0.0103393
010 3020 1036.39 1.5 335 665 3.13964e-317 3.11109 7.00304 1040.77 2086.8 1040.77 1043.4 0 217 58 159 -0.0184129 -0.18267 0.0587375 -0.0120221 -0.0130702
010 3030 1041.98 1.5 336 664 3.13964e-317 3.13786 7.09681 1047.37 2108.4 1047.37 1054.2 5 271 76 195 -0.0298273 -0.22333 0.0777618 -0.0123768 -0.0149288
010 3040 1033.01 1.5 336 664 3.13964e-317 3.11806 7.01722 1037.79 2080.8 1037.79 1040.4 2 202 54 148 -0.0195501 -0.17089 0.0576757 -0.0225874 -0.0135824
010 3050 1034.54 1.5 336 664 3.13964e-317 3.12805 7.03776 1039.44 2083.2 1039.44 1041.6 4 208 64 144 -0.0190056 -0.179481 0.0503887 -0.0216602 -0.0152786
010 3060 1032.22 1.5 335 665 3.13964e-317 3.12309 7.04953 1036.9 2079.6 1036.9 1039.8 0 199 59 140 -0.0198408 -0.105827 0.0213797 -0.0193915 -0.0122159
010 3070 1033.76 1.5 335 665 3.13964e-317 3.13522 7.05751 1038.65 2077.6 1038.65 1038.8 1 194 53 141 -0.0149784 -0.231895 0.062202 -0.0118216 -0.0163777
010 3080 1031.19 1.5 335 665 3.13964e-317 3.13622 7.08147 1035.2 2074.4 1035.2 1037.2 2 186 47 139 -0.0160287 -0.177354 0.0506771 -0.0102088 -0.0173965
010 3090 1029.92 1.5 334 666 3.13964e-317 3.14437 7.0886 1035.37 2072.4 1035.37 1036.2 4 181 52 129 -0.0180099 -0.238968 0.074238 -0.0145725 -0.0143127
010 3100 1036.93 1.5 332 668 3.13964e-317 3.16764 7.16353 1040.12 2086.8 1040.12 1043.4 3 217 66 151 -0.0161473 -0.273914 0.0819821 -0.0144203 -0.0198243
010 3110 1031.41 1.5 336 664 3.13964e-317 3.18677 7.17817 1039.21 2085.2 1039.21 1042.6 3 213 52 161 -0.0301826 -0.240613 0.0737682 -0.0135862 -0.0155458
010 3120 1032.8 1.5 337 663 3.13964e-317 3.18801 7.15603 1035.77 2076 1035.77 1038 1 190 46 144 -0.0133621 -0.168242 0.0425009 -0.0163505 -0.0146798
010 3130 1033.9 1.5 334 666 3.13964e-317 3.20634 7.21053 1039.17 2081.6 1039.17 1040.8 3 204 58 146 -0.0190593 -0.153467 0.0360987 -0.0140084 -0.0153389
010 3140 1031.63 1.5 335 665 3.13964e-317 3.20525 7.20442 1035.26 2073.2 1035.26 1036.6 2 183 56 127 -0.0135656 -0.171304 0.0439838 -0.017184 -0.0116411
010 3150 1031.95 1.5 335 665 3.13964e-317 3.21173 7.24309 1035.6 2079.2 1035.6 1039.6 2 198 61 137 -0.0189614 -0.0934649 0.0138978 -0.0171183 -0.01536
010 3160 1038.21 1.5 335 665 3.13964e-317 3.24038 7.29301 1042.52 2087.6 1042.52 1043.8 0 219 65 154 -0.0154979 -0.110686 0.0222314 -0.0158449 -0.0137529
010 3170 1039.16 1.5 335 665 3.13964e-317 3.24102 7.3091 1042.11 2088 1042.11 1044 5 220 64 156 -0.0126416 -0.161687 0.0461911 -0.0173938 -0.0121104
010 3180 1035.42 1.5 335 665 3.13964e-317 3.2426 7.30174 1038.96 2081.2 1038.96 1040.6 2 203 63 140 -0.0138923 -0.119771 0.0302655 -0.012641 -0.0133239
010 3190 1036.38 1.5 335 665 3.13964e-317 3.25516 7.32554 1039.02 2080.8 1039.02 1040.4 4 202 60 142 -0.0106869 -0.1834 0.045986 -0.0196207 -0.0165126
010 3200 1039.65 1.5 334 666 3.13964e-317 3.26573 7.37645 1041.14 2088.4 1041.14 1044.2 3 221 59 162 -0.0105917 -0.0698883 0.00617633 -0.0164173 -0.0152715
010 3210 1041.7 1.5 336 664 3.13964e-317 3.30105 7.41872 1047.66 2094.4 1047.66 1047.2 2 236 68 168 -0.0169419 -0.0909119 0.0135033 -0.0175793 -0.0151132
010 3220 1038.28 1.5 336 664 3.13964e-317 3.2936 7.40757 1041.86 2085.6 1041.86 1042.8 5 214 62 152 -0.012614 -0.111578 0.0256203 -0.0176729 -0.0140461
010 3230 1037.76 1.5 335 665 3.13964e-317 3.30653 7.44317 1043.85 2086.8 1043.85 1043.4 1 217 64 153 -0.0173833 -0.117032 0.0293295 -0.0155323 -0.00925664
010 3240 1041.98 1.5 335 665 3.13964e-317 3.3164 7.48486 1044.75 2094.8 1044.75 1047.4 2 237 69 168 -0.0136109 -0.181885 0.0508136 -0.0131204 -0.0139077
010 3250 1039 1.5 336 664 3.13964e-317 3.32464 7.49882 1042.57 2088.8 1042.57 1044.4 1 222 56 166 -0.014358 -0.21034 0.0664159 -0.0158028 -0.0161864
010 3260 1037.47 1.5 335 665 3.13964e-317 3.31704 7.51434 1039.24 2083.2 1039.24 1041.6 3 208 50 158 -0.0100131 -0.0938164 0.0152864 -0.0174543 -0.0156348
010 3270 1031.79 1.5 336 664 3.13964e-317 3.31897 7.49527 1037.33 2074 1037.33 1037 1 185 44 141 -0.0159499 -0.173896 0.0489884 -0.00754097 -0.0143798
010 3280 1030.94 1.5 336 664 3.13964e-317 3.31041 7.49526 1033.73 2068 1033.73 1034 1 170 49 121 -0.00889787 -0.152725 0.0430496 -0.0149438 -0.0113394
010 3290 1038.67 1.5 336 664 3.13964e-317 3.33496 7.56349 1040.57 2082.4 1040.57 1041.2 0 206 48 158 -0.00695442 -0.198114 0.055534 -0.0128344 -0.0153017
010 3300 1036.19 1.5 338 662 3.13964e-317 3.34913 7.58094 1040.13 2082.8 1040.13 1041.4 2 207 50 157 -0.0143474 -0.156455 0.0399834 -0.0233836 -0.0110456
010 3310 1037.71 1.5 338 662 3.13964e-317 3.36088 7.62482 1041.52 2090 1041.52 1045 4 225 45 180 -0.0183831 -0.216592 0.0652599 -0.0155484 -0.0131196
010 3320 1038.67 1.5 339 661 3.13964e-317 3.37656 7.60774 1042.72 2081.2 1042.72 1040.6 2 203 48 155 -0.00789801 -0.19784 0.0605335 -0.0183199 -0.0131634
010 3330 1031.94 1.5 338 662 3.13964e-317 3.35466 7.6358 1035.08 2083.2 1035.08 1041.6 2 208 47 161 -0.0224663 -0.22018 0.0727854 -0.0187519 -0.0136841
010 3340 1039.46 1.5 339 661 3.13964e-317 3.39506 7.67213 1042.58 2091.2 1042.58 1045.6 2 228 49 179 -0.0153978 -0.199486 0.0496558 -0.0236589 -0.0130039
010 3350 1032.4 1.5 338 662 3.13964e-317 3.37715 7.61272 1036.56 2070.8 1036.56 1035.4 2 177 33 144 -0.010148 -0.27701 0.0978684 -0.00892336 -0.0152258
010 3360 1034.25 1.5 338 662 3.13964e-317 3.38287 7.67026 1037.37 2082.4 1037.37 1041.2 1 206 36 170 -0.0170055 -0.260571 0.0724699 -0.0150178 -0.0131596
010 3370 1034.45 1.5 338 662 3.13964e-317 3.39549 7.68393 1038.94 2082.8 1038.94 1041.4 2 207 38 169 -0.0183983 -0.247956 0.0813974 -0.0115839 -0.0164023
010 3380 1036.2 1.5 339 661 3.13964e-317 3.40964 7.70181 1038.88 2083.2 1038.88 1041.6 2 208 44 164 -0.0134976 -0.17513 0.0528652 -0.0241328 -0.0100883
010 3390 1034.44 1.5 340 660 3.13964e-317 3.41518 7.72598 1037.79 2083.2 1037.79 1041.6 1 208 44 164 -0.0176752 -0.190616 0.0563458 -0.0185926 -0.0109438
010 3400 1042.24 1.5 339 661 3.13964e-317 3.43671 7.78888 1043.98 2092 1043.98 1046 2 230 51 179 -0.0092735 -0.157362 0.0403324 -0.0216053 -0.0158327
010 3410 1044.07 1.5 339 661 3.13964e-317 3.45964 7.82018 1047.74 2096.4 1047.74 1048.2 2 241 59 182 -0.0119187 -0.112568 0.0264948 -0.0197066 -0.0104003
010 3420 1044.81 1.5 339 661 3.13964e-317 3.45898 7.84309 1046.53 2097.2 1046.53 1048.6 4 243 64 179 -0.00930127 -0.110335 0.0317008 -0.021081 -0.00633807
010 3430 1046.62 1.5 338 662 3.13964e-317 3.46797 7.88984 1049.1 2101.6 1049.1 1050.8 3 254 62 192 -0.0108278 -0.134344 0.0411245 -0.0177414 -0.00992791
010 3440 1040.98 1.5 338 662 3.13964e-317 3.46394 7.87813 1045.13 2092.8 1045.13 1046.4 0 232 58 174 -0.0150014 -0.0785658 0.014756 -0.0118358 -0.0143769
010 3450 1044.17 1.5 337 663 3.13964e-317 3.47058 7.91464 1045.85 2094.8 1045.85 1047.4 2 237 58 179 -0.00813945 -0.104886 0.0232709 -0.0213501 -0.0108781
010 3460 1042.55 1.5 337 663 3.13964e-317 3.47372 7.96906 1044.76 2099.6 1044.76 1049.8 4 249 66 183 -0.0167111 -0.0863935 0.0147649 -0.0172568 -0.0159523
010 3470 1041.43 1.5 335 665 3.13964e-317 3.47644 7.97478 1045.11 2091.6 1045.11 1045.8 3 229 64 165 -0.0124149 -0.121191 0.0302451 -0.0144687 -0.0171408
010 3480 1044.52 1.5 336 664 3.13964e-317 3.50314 8.0068 1049.17 2096.4 1049.17 1048.2 1 241 63 178 -0.0120039 -0.105981 0.0206059 -0.0225445 -0.0170393
010 3490 1034.48 1.5 335 665 3.13964e-317 3.46483 7.9675 1037.5 2077.6 1037.5 1038.8 1 194 55 139 -0.0116629 -0.16635 0.049704 -0.012833 -0.0195094
010 3500 1033.83 1.5 335 665 3.13964e-317 3.47587 7.99858 1038.83 2081.6 1038.83 1040.8 1 204 62 142 -0.01895 -0.152862 0.0403648 -0.0130555 -0.0137921
010 3510 1034.65 1.5 335 665 3.13964e-317 3.48619 8.00381 1040.06 2078.4 1040.06 1039.2 0 196 61 135 -0.0145082 -0.129271 0.0280148 -0.0214126 -0.0130746
010 3520 1036.61 1.5 335 665 3.13964e-317 3.49576 8.03257 1039.49 2080.8 1039.49 1040.4 2 202 72 130 -0.0104449 -0.215301 0.0637335 -0.0283359 -0.00905217
010 3530 1039.13 1.5 333 667 3.13964e-317 3.50567 8.06235 1043.02 2084.4 1043.02 1042.2 2 211 60 151 -0.0100214 -0.19403 0.0599228 -0.00851888 -0.0170835
010 3540 1025.31 1.5 333 667 3.13964e-317 3.47459 7.99939 1031.2 2062.4 1031.2 1031.2 2 156 49 107 -0.0176808 -0.186914 0.0595732 -0.0100012 -0.0124905
010 3550 1028.9 1.5 334 666 3.13964e-317 3.49611 8.05278 1034.32 2070.4 1034.32 1035.2 1 176 52 124 -0.0180186 -0.166957 0.0408185 -0.0204626 -0.0117463
010 3560 1031.79 1.5 335 665 3.13964e-317 3.50179 8.08094 1034.89 2071.6 1034.89 1035.8 3 179 49 130 -0.0111289 -0.188251 0.0400565 -0.0185637 -0.0134964
010 3570 1037.41 1.5 335 665 3.13964e-317 3.52569 8.15877 1040.57 2086 1040.57 1043 1 215 61 154 -0.0143404 -0.173542 0.0416376 -0.0148216 -0.0153454
010 3580 1037.9 1.5 336 664 3.13964e-317 3.54413 8.17878 1040.8 2089.6 1040.8 1044.8 2 224 61 163 -0.0167006 -0.0933842 0.0157278 -0.0196098 -0.013049
010 3590 1044.85 1.5 336 664 3.13964e-317 3.5634 8.23397 1046.16 2098.4 1046.16 1049.2 0 246 66 180 -0.0100116 -0.128824 0.0351112 -0.0154325 -0.00992292
010 3600 1039.37 1.5 337 663 3.13964e-317 3.55982 8.18312 1043.01 2082.4 1043.01 1041.2 0 206 51 155 -0.00730883 -0.190403 0.0725056 -0.00879999 -0.0114748
010 3610 1038.15 1.5 338 662 3.13964e-317 3.5581 8.21858 1041.47 2088 1041.47 1044 1 220 48 172 -0.01501 -0.252422 0.0921595 -0.0106699 -0.011492
010 3620 1035.09 1.5 336 664 3.13964e-317 3.55018 8.20526 1037.97 2078.4 1037.97 1039.2 0 196 44 152 -0.0111054 -0.206401 0.0576872 -0.00562719 -0.0200242
010 3630 1036.33 1.5 337 663 3.13964e-317 3.56905 8.23883 1039.36 2082.8 1039.36 1041.4 3 207 51 156 -0.0131765 -0.104921 0.0239861 -0.0149361 -0.0126146
010 3640 1038.75 1.5 337 663 3.13964e-317 3.58048 8.28124 1041.14 2090 1041.14 1045 2 225 51 174 -0.0148937 -0.132844 0.0332316 -0.0143499 -0.012971
010 3650 1034.21 1.5 338 662 3.13964e-317 3.58595 8.27804 1036.65 2082.8 1036.65 1041.4 2 207 45 162 -0.0168147 -0.0993919 0.0205638 -0.0148967 -0.0133359
010 3660 1034.24 1.5 337 663 3.13964e-317 3.60624 8.29953 1039.72 2078.8 1039.72 1039.4 1 197 50 147 -0.0157925 -0.181267 0.0467014 -0.0176304 -0.0144684
010 3670 1033.88 1.5 336 664 3.13964e-317 3.60913 8.31536 1038.15 2078 1038.15 1039 0 195 48 147 -0.0145231 -0.205186 0.0634575 -0.0149895 -0.0133663
010 3680 1033.22 1.5 336 664 3.13964e-317 3.6038 8.32914 1036.2 2078.4 1036.2 1039.2 3 196 51 145 -0.014931 -0.195147 0.0604346 -0.0122154 -0.0144271
010 3690 1031.64 1.5 338 662 3.13964e-317 3.62114 8.3089 1037.96 2070 1037.96 1035 2 175 40 135 -0.0130398 -0.3685 0.123499 -0.016186 -0.0140213
010 3700 1019.36 1.5 338 662 3.13964e-317 3.58171 8.22228 1024.04 2046.8 1024.04 1023.4 1 117 25 92 -0.012759 -0.305815 0.11431 -0.0268143 -0.00465911
010 3710 1021.27 1.5 337 663 3.13964e-317 3.57808 8.25407 1023.33 2047.6 1023.33 1023.8 1 119 26 93 -0.00712959 -0.266865 0.083149 -0.0233333 -0.00737798
010 3720 1027.63 1.5 337 663 3.13964e-317 3.60728 8.32977 1030.33 2063.2 1030.33 1031.6 0 158 28 130 -0.0106464 -0.163869 0.0379233 -0.00942033 -0.0104504
010 3730 1030.55 1.5 338 662 3.13964e-317 3.62112 8.37063 1033.43 2068.8 1033.43 1034.4 4 172 43 129 -0.0105672 -0.16491 0.0354391 -0.0239085 -0.0102228
010 3740 1029.66 1.5 337 663 3.13964e-317 3.619 8.41405 1032.26 2073.6 1032.26 1036.8 2 184 36 148 -0.0168937 -0.186729 0.0479055 -0.0117433 -0.0134348
010 3750 1032.25 1.5 337 663 3.13964e-317 3.64373 8.42643 1035.47 2070.8 1035.47 1035.4 2 177 46 131 -0.0095175 -0.152293 0.0406215 -0.0137308 -0.00856819
010 3760 1036.94 1.5 337 663 3.13964e-317 3.66793 8.50788 1039.94 2086.8 1039.94 1043.4 0 217 60 157 -0.0159364 -0.104703 0.0217639 -0.0182055 -0.00942228
010 3770 1032.56 1.5 337 663 3.13964e-317 3.66682 8.53067 1037.48 2084 1037.48 1042 1 210 54 156 -0.023783 -0.178392 0.0488514 -0.0215663 -0.012354
010 3780 1035.76 1.5 337 663 3.13964e-317 3.67297 8.51918 1038.2 2079.6 1038.2 1039.8 1 199 54 145 -0.0105259 -0.144957 0.0395164 -0.0181429 -0.0093613
010 3790 1026.96 1.5 336 664 3.13964e-317 3.6501 8.47207 1030.98 2062.8 1030.98 1031.4 2 157 46 111 -0.0129099 -0.253469 0.0756301 -0.0170554 -0.00732402
010 3800 1035.8 1.5 335 665 3.13964e-317 3.68631 8.59675 1040.24 2085.6 1040.24 1042.8 0 214 56 158 -0.0184451 -0.206426 0.0679674 -0.0082782 -0.0141088
010 3810 1037.33 1.5 337 663 3.13964e-317 3.68842 8.57078 1038.41 2077.2 1038.41 1038.6 1 193 50 143 -0.00362504 -0.156455 0.0383751 -0.0180944 -0.0113829
010 3820 1037.94 1.5 337 663 3.13964e-317 3.70257 8.62166 1041.38 2084 1041.38 1042 0 210 61 149 -0.0115548 -0.135163 0.032183 -0.0190077 -0.00944234
010 3830 1043.2 1.5 337 663 3.13964e-317 3.71961 8.68239 1044.8 2094 1044.8 1047 0 235 63 172 -0.00918994 -0.10455 0.0271588 -0.0139022 -0.00640182
010 3840 1044.33 1.5 337 663 3.13964e-317 3.73157 8.73826 1048.25 2102.8 1048.25 1051.4 2 257 62 195 -0.0180674 -0.171472 0.0621753 -0.00729189 -0.010352
010 3850 1040.04 1.5 337 663 3.13964e-317 3.71505 8.67577 1041.58 2082.8 1041.58 1041.4 0 207 50 157 -0.00426753 -0.151273 0.0539938 -0.0092975 -0.0107414
010 3860 1039.94 1.5 337 663 3.13964e-317 3.7254 8.72239 1042.7 2091.6 1042.7 1045.8 2 229 55 174 -0.0144663 -0.227882 0.0754033 -0.0163187 -0.0115411
010 3870 1039.71 1.5 336 664 3.13964e-317 3.72898 8.72401 1042.45 2086.4 1042.45 1043.2 1 216 60 156 -0.00972124 -0.148332 0.0444571 -0.0141745 -0.0103644
010 3880 1040.56 1.5 335 665 3.13964e-317 3.72714 8.7296 1041.32 2083.6 1041.32 1041.8 0 209 49 160 -0.00324992 -0.180956 0.060257 -0.00930503 -0.0109795
010 3890 1032.12 1.5 335 665 3.13964e-317 3.71416 8.72213 1035.81 2078.8 1035.81 1039.4 4 197 51 146 -0.0182537 -0.174802 0.0512925 -0.0118867 -0.0100383
010 3900 1035.08 1.5 336 664 3.13964e-317 3.73194 8.75025 1037.64 2083.2 1037.64 1041.6 2 208 52 156 -0.0156114 -0.214678 0.0585977 -0.0162142 -0.0126036
010 3910 1034.54 1.5 337 663 3.13964e-317 3.73088 8.72319 1037.52 2072.4 1037.52 1036.2 0 181 35 146 -0.00630679 -0.239369 0.0807431 0.00264679 -0.0157172
010 3920 1030.9 1.5 337 663 3.13964e-317 3.72479 8.75313 1033.57 2075.6 1033.57 1037.8 2 189 41 148 -0.0164661 -0.266407 0.090468 -0.0091293 -0.0128532
010 3930 1038.87 1.5 338 662 3.13964e-317 3.76187 8.80038 1043.3 2080.8 1043.3 1040.4 0 202 40 162 -0.00748105 -0.316665 0.0966574 -0.00861171 -0.0162974
010 3940 1041.29 1.5 339 661 3.13964e-317 3.76885 8.85496 1043.18 2092 1043.18 1046 2 230 36 194 -0.0113102 -0.230314 0.0733021 -0.0149114 -0.0119062
010 3950 1032.11 1.5 339 661 3.13964e-317 3.74326 8.78521 1033.58 2071.2 1033.58 1035.6 2 178 39 139 -0.00844332 -0.19855 0.0617177 -0.0195683 -0.0064499
010 3960 1030.44 1.5 339 661 3.13964e-317 3.74715 8.7726 1033.54 2067.2 1033.54 1033.6 0 168 42 126 -0.0094291 -0.138599 0.0385407 -0.0177562 -0.0044077
010 3970 1034.24 1.5 338 662 3.13964e-317 3.77312 8.84803 1037.37 2080.8 1037.37 1040.4 4 202 35 167 -0.0154399 -0.139986 0.0256667 -0.0167336 -0.015743
010 3980 1041.91 1.5 340 660 3.13964e-317 3.80747 8.91469 1043.56 2093.6 1043.56 1046.8 0 234 49 185 -0.011431 -0.185339 0.0463157 -0.015352 -0.0131771
010 3990 1042.33 1.5 337 663 3.13964e-317 3.81935 8.94022 1045.03 2095.6 1045.03 1047.8 2 239 53 186 -0.0136465 -0.132279 0.0371041 -0.00878387 -0.0159594
010 4000 1041.74 1.5 337 663 3.13964e-317 3.82181 8.9308 1044.95 2092.4 1044.95 1046.2 3 231 61 170 -0.0121357 -0.144113 0.0453607 -0.0133514 -0.0105309
010 4010 1046.09 1.5 337 663 3.13964e-317 3.82865 8.95364 1046.41 2094.8 1046.41 1047.4 1 237 63 174 -0.00292879 -0.0847287 0.0268319 -0.0164367 -0.00417884
010 4020 1042.98 1.5 336 664 3.13964e-317 3.83409 8.98421 1046.89 2097.2 1046.89 1048.6 3 243 69 174 -0.0151552 -0.0810458 0.0164252 -0.0153433 -0.0115373
010 4030 1044.97 1.5 335 665 3.13964e-317 3.84335 9.00393 1047.49 2097.6 1047.49 1048.8 2 244 71 173 -0.0101899 -0.122368 0.0353336 -0.0107192 -0.011899
010 4040 1042.9 1.5 336 664 3.13964e-317 3.84512 9.04034 1047 2101.2 1047 1050.6 0 253 68 185 -0.0195025 -0.0934811 0.0261042 -0.016627 -0.0106246
010 4050 1052.31 1.5 337 663 3.13964e-317 3.88134 9.09299 1054.67 2111.2 1054.67 1055.6 0 278 76 202 -0.00894524 -0.0248051 -0.00586057 -0.0146872 -0.0101177
010 4060 1048.76 1.5 337 663 3.13964e-317 3.87343 9.0583 1050.76 2100.4 1050.76 1050.2 1 251 72 179 -0.00487788 -0.104768 0.0368645 -0.0146321 -0.00638767
010 4070 1048.09 1.5 337 663 3.13964e-317 3.87995 9.09617 1050.18 2104.8 1050.18 1052.4 2 262 71 191 -0.0107058 -0.123776 0.0382223 -0.0251344 -0.00776306
010 4080 1041.08 1.5 339 661 3.13964e-317 3.86568 9.03807 1044.25 2086.8 1044.25 1043.4 1 217 53 164 -0.00780605 -0.161688 0.0572166 -0.0161329 -0.00617273
010 4090 1039.79 1.5 338 662 3.13964e-317 3.85646 9.07062 1041.86 2087.6 1041.86 1043.8 2 219 52 167 -0.0100855 -0.141406 0.0462306 -0.0158886 -0.00651758
010 4100 1035.42 1.5 338 662 3.13964e-317 3.85943 9.07621 1041.64 2082 1041.64 1041 2 205 44 161 -0.0173812 -0.208278 0.0632064 -0.0113715 -0.0164141
010 4110 1037.03 1.5 339 661 3.13964e-317 3.85679 9.10193 1039.95 2082.8 1039.95 1041.4 1 207 47 160 -0.0116604 -0.103623 0.0268853 -0.0131761 -0.00962931
010 4120 1039.33 1.5 338 662 3.13964e-317 3.86382 9.1446 1041.39 2088.4 1041.39 1044.2 0 221 60 161 -0.011786 -0.176396 0.0513338 -0.0234679 -0.00645117
010 4130 1039 1.5 338 662 3.13964e-317 3.87815 9.14245 1043.66 2085.2 1043.66 1042.6 0 213 40 173 -0.0118688 -0.229602 0.0775626 -0.0106263 -0.0124359
010 4140 1036.19 1.5 340 660 3.13964e-317 3.86821 9.13457 1039.31 2081.2 1039.31 1040.6 0 203 33 170 -0.0119524 -0.197163 0.0686096 -0.0150026 -0.00630426
010 4150 1027.55 1.5 340 660 3.13964e-317 3.84511 9.06432 1031.04 2063.2 1031.04 1031.6 2 158 31 127 -0.0115813 -0.212609 0.0656433 -0.0235222 -0.00478304
010 4160 1029.21 1.5 340 660 3.13964e-317 3.85906 9.12733 1032.89 2073.2 1032.89 1036.6 1 183 36 147 -0.0184462 -0.238929 0.0712939 -0.0230432 -0.00419721
010 4170 1034.92 1.5 338 662 3.13964e-317 3.87301 9.16781 1036.4 2076.4 1036.4 1038.2 2 191 44 147 -0.0080307 -0.165827 0.0496095 -0.0136683 -0.00692582
010 4180 1033.42 1.5 338 662 3.13964e-317 3.88076 9.18201 1036.44 2076.8 1036.44 1038.4 2 192 40 152 -0.0129932 -0.189472 0.0563819 -0.0167364 -0.00841526
010 4190 1032.16 1.5 338 662 3.13964e-317 3.87597 9.19113 1034.94 2074 1034.94 1037 0 185 45 140 -0.0124612 -0.18759 0.0563437 -0.0196438 -0.00877052
010 4200 1031.57 1.5 338 662 3.13964e-317 3.87698 9.18802 1034.79 2071.6 1034.79 1035.8 1 179 43 136 -0.0116749 -0.160044 0.0436313 -0.0168759 -0.00639147
010 4210 1038.72 1.5 337 663 3.13964e-317 3.9131 9.27213 1044.25 2085.6 1044.25 1042.8 1 214 47 167 -0.0136972 -0.210368 0.0622868 -0.0130163 -0.0145855
010 4220 1041.18 1.5 338 662 3.13964e-317 3.91547 9.31141 1042.62 2090 1042.62 1045 1 225 48 177 -0.00906575 -0.143066 0.0413243 -0.0155542 -0.00844964
010 4230 1037.55 1.5 339 661 3.13964e-317 3.91179 9.29928 1040.5 2083.6 1040.5 1041.8 2 209 44 165 -0.0114476 -0.139572 0.042709 -0.0146563 -0.00949742
010 4240 1040.39 1.5 337 663 3.13964e-317 3.91411 9.35218 1041.89 2091.2 1041.89 1045.6 2 228 58 170 -0.0119131 -0.135333 0.0369857 -0.00893416 -0.0127074
010 4250 1045.29 1.5 337 663 3.13964e-317 3.93901 9.37463 1046.97 2095.6 1046.97 1047.8 1 239 56 183 -0.00670629 -0.174515 0.0629799 -0.0134587 -0.00849638
010 4260 1038.6 1.5 337 663 3.13964e-317 3.9243 9.36141 1042 2090.4 1042 1045.2 3 226 59 167 -0.0166106 -0.185873 0.0592639 -0.0143979 -0.012367
010 4270 1034.5 1.5 337 663 3.13964e-317 3.91465 9.30143 1037.48 2075.2 1037.48 1037.6 0 188 42 146 -0.00919111 -0.242903 0.0897061 -0.0135442 -0.00830637
010 4280 1032.49 1.5 338 662 3.13964e-317 3.90877 9.32008 1034.81 2075.6 1034.81 1037.8 1 189 39 150 -0.0129465 -0.196201 0.0637509 -0.0158633 -0.00869092
010 4290 1029.04 1.5 338 662 3.13964e-317 3.89246 9.28925 1030.84 2066.8 1030.84 1033.4 1 167 34 133 -0.010526 -0.203012 0.0606352 -0.016857 -0.00613451
010 4300 1030.26 1.5 338 662 3.13964e-317 3.91239 9.3198 1034.99 2070 1034.99 1035 0 175 43 132 -0.0142181 -0.285992 0.0906299 -0.021161 -0.00646857
010 4310 1025.63 1.5 338 662 3.13964e-317 3.89361 9.30044 1029.08 2061.2 1029.08 1030.6 2 153 35 118 -0.0134002 -0.255919 0.0756442 -0.0183436 -0.00809182
010 4320 1027.26 1.5 338 662 3.13964e-317 3.89989 9.31923 1029.53 2062.4 1029.53 1031.2 1 156 31 125 -0.0101467 -0.234671 0.071195 -0.0181111 -0.00426019
010 4330 1031.62 1.5 337 663 3.13964e-317 3.92359 9.36142 1033.78 2069.2 1033.78 1034.6 2 173 36 137 -0.00812263 -0.187591 0.0467951 -0.0123913 -0.0122088
010 4340 1031.31 1.5 337 663 3.13964e-317 3.93406 9.36441 1034.73 2066.4 1034.73 1033.2 0 166 36 130 -0.00720762 -0.187371 0.0520452 -0.0110879 -0.0111978
010 4350 1030.05 1.5 337 663 3.13964e-317 3.92573 9.36863 1031.25 2064.8 1031.25 1032.4 1 162 39 123 -0.00589086 -0.0899342 0.0188464 -0.0170343 -0.00754357
010 4360 1035.57 1.5 337 663 3.13964e-317 3.96284 9.44367 1038.01 2080 1038.01 1040 0 200 59 141 -0.0112958 -0.125327 0.0275017 -0.0210166 -0.0054644
010 4370 1034.14 1.5 335 665 3.13964e-317 3.96852 9.46035 1039.64 2080 1039.64 1040 0 200 66 134 -0.0172294 -0.166932 0.0507755 -0.0204168 -0.0024081
010 4380 1035.39 1.5 335 665 3.13964e-317 3.97121 9.47857 1038.79 2078.4 1038.79 1039.2 1 196 50 146 -0.0110008 -0.198817 0.0627461 -0.00975478 -0.0116495
010 4390 1033.11 1.5 336 664 3.13964e-317 3.96681 9.50272 1037.44 2081.2 1037.44 1040.6 0 203 58 145 -0.0193086 -0.175735 0.0554584 -0.00760396 -0.00872709
010 4400 1037.39 1.5 333 667 3.13964e-317 3.991 9.50883 1041.97 2079.2 1041.97 1039.6 1 198 63 135 -0.00900959 -0.262232 0.0842039 -0.00734709 -0.0118907
010 4410 1036.2 1.5 334 666 3.13964e-317 3.9817 9.55763 1039.53 2085.2 1039.53 1042.6 0 213 69 144 -0.0161174 -0.160637 0.0605393 -0.0103594 -0.00718708
010 4420 1039.91 1.5 335 665 3.13964e-317 3.99755 9.56522 1040.82 2084.4 1040.82 1042.2 3 211 60 151 -0.00550383 -0.15296 0.0367839 -0.0151027 -0.0124007
010 4430 1033.51 1.5 337 663 3.13964e-317 3.98941 9.52285 1036.38 2072 1036.38 1036 2 180 42 138 -0.00785137 -0.167377 0.0472615 -0.0126072 -0.0106879
010 4440 1033.97 1.5 336 664 3.13964e-317 3.99366 9.55983 1035.37 2075.2 1035.37 1037.6 1 188 47 141 -0.0086581 -0.154939 0.048313 -0.0078787 -0.0129332
010 4450 1030.61 1.5 337 663 3.13964e-317 3.98584 9.52747 1031.87 2066 1031.87 1033 1 165 45 120 -0.00602469 -0.12761 0.0312066 -0.022201 -0.00273004
010 4460 1028.02 1.5 337 663 3.13964e-317 3.98084 9.53405 1029.66 2067.2 1029.66 1033.6 1 168 36 132 -0.0127983 -0.115231 0.0293562 -0.0168037 -0.00366361
010 4470 1031.95 1.5 336 664 3.13964e-317 3.99498 9.56408 1033.05 2070 1033.05 1035 1 175 37 138 -0.00721094 -0.211909 0.052798 -0.0103712 -0.00971795
010 4480 1032.15 1.5 337 663 3.13964e-317 4.01171 9.6097 1035.73 2076.8 1035.73 1038.4 2 192 44 148 -0.0160844 -0.139773 0.036754 -0.0120042 -0.00955253
010 4490 1034.89 1.5 337 663 3.13964e-317 4.02373 9.64485 1038.06 2080 1038.06 1040 1 200 49 151 -0.0133941 -0.170197 0.0469885 -0.0123304 -0.00835847
010 4500 1038.03 1.5 336 664 3.13964e-317 4.04041 9.68398 1041.16 2086.4 1041.16 1043.2 4 216 53 163 -0.0134718 -0.161413 0.046095 -0.0124484 -0.00959625
010 4510 1033.59 1.5 336 664 3.13964e-317 4.02848 9.65697 1036.85 2079.2 1036.85 1039.6 1 198 49 149 -0.0152898 -0.173241 0.0571617 -0.0136038 -0.00834321
010 4520 1036.21 1.5 337 663 3.13964e-317 4.0421 9.66555 1037.31 2080.4 1037.31 1040.2 3 201 44 157 -0.00906853 -0.105918 0.0255015 -0.0128686 -0.0100962
010 4530 1038.53 1.5 338 662 3.13964e-317 4.06482 9.69069 1041.08 2082.4 1041.08 1041.2 0 206 55 151 -0.00788815 -0.141499 0.0422812 -0.013364 -0.00842754
010 4540 1036.37 1.5 338 662 3.13964e-317 4.06332 9.6926 1039.45 2077.6 1039.45 1038.8 0 194 41 153 -0.00795146 -0.191979 0.0653223 -0.0123466 -0.00734839
010 4550 1032.56 1.5 339 661 3.13964e-317 4.05172 9.70309 1035.57 2076.8 1035.57 1038.4 0 192 41 151 -0.0146927 -0.146631 0.0428791 -0.0130701 -0.0066963
010 4560 1038.7 1.5 338 662 3.13964e-317 4.06999 9.76222 1039.97 2084 1039.97 1042 2 210 39 171 -0.00787333 -0.206062 0.0585057 -0.0117678 -0.0131202
010 4570 1032.88 1.5 338 662 3.13964e-317 4.05942 9.71199 1036.59 2069.6 1036.59 1034.8 2 174 41 133 -0.00753833 -0.198687 0.0591858 -0.0123079 -0.00714903
010 4580 1034.31 1.5 338 662 3.13964e-317 4.0643 9.7702 1036.99 2077.2 1036.99 1038.6 0 193 53 140 -0.0112752 -0.177796 0.0531246 -0.0282166 -0.00510792
010 4590 1032.07 1.5 338 662 3.13964e-317 4.06807 9.79774 1035.19 2078.8 1035.19 1039.4 3 197 52 145 -0.0177806 -0.182696 0.0486967 -0.0283959 -0.00247144
010 4600 1033.57 1.5 338 662 3.13964e-317 4.07943 9.76704 1037.37 2070 1037.37 1035 0 175 53 122 -0.00665062 -0.206647 0.065437 -0.0255047 0.000898618
010 4610 1028.42 1.5 338 662 3.13964e-317 4.05669 9.74467 1030.99 2060.4 1030.99 1030.2 1 151 45 106 -0.00614114 -0.173096 0.0511022 -0.0261589 -0.00258385
010 4620 1033.15 1.5 338 662 3.13964e-317 4.07366 9.83005 1034.23 2076 1034.23 1038 3 190 43 147 -0.010771 -0.210555 0.0644553 -0.0219481 -0.00276284
010 4630 1029.43 1.5 337 663 3.13964e-317 4.07326 9.77995 1031.88 2063.6 1031.88 1031.8 1 159 40 119 -0.00718779 -0.19633 0.058595 -0.00769005 -0.0119126
010 4640 1031.17 1.5 338 662 3.13964e-317 4.08898 9.81227 1034.05 2066.8 1034.05 1033.4 2 167 38 129 -0.00735627 -0.188147 0.0548182 -0.0130096 -0.00927848
010 4650 1029.7 1.5 338 662 3.13964e-317 4.08653 9.8212 1031.24 2068 1031.24 1034 4 170 37 133 -0.0101289 -0.209442 0.0639019 -0.0155391 -0.00784827
010 4660 1028.07 1.5 337 663 3.13964e-317 4.08038 9.80533 1029.05 2060.4 1029.05 1030.2 3 151 46 105 -0.00522943 -0.167893 0.0421037 -0.0220358 -0.00640266
010 4670 1031.75 1.5 336 664 3.13964e-317 4.10284 9.86278 1033.13 2070.4 1033.13 1035.2 0 176 39 137 -0.00826954 -0.141065 0.0334459 -0.0156535 -0.00741309
010 4680 1033.11 1.5 335 665 3.13964e-317 4.12238 9.91858 1037.18 2077.2 1037.18 1038.6 1 193 53 140 -0.015042 -0.096585 0.0161302 -0.0142822 -0.0117709
010 4690 1037.07 1.5 335 665 3.13964e-317 4.13501 9.94306 1038.82 2080.4 1038.82 1040.2 2 201 58 143 -0.00800168 -0.115121 0.0246613 -0.0107285 -0.0117421
010 4700 1040.02 1.5 336 664 3.13964e-317 4.15706 9.9634 1041.78 2083.2 1041.78 1041.6 2 208 57 151 -0.00491388 -0.0863203 0.0222672 -0.0106988 -0.00699911
010 4710 1047.03 1.5 337 663 3.13964e-317 4.18506 10.0531 1048.41 2100 1048.41 1050 0 250 64 186 -0.00732962 -0.109405 0.0318997 -0.0147891 -0.00404489
010 4720 1046.77 1.5 337 663 3.13964e-317 4.18944 10.0562 1048.74 2096.8 1048.74 1048.4 2 242 60 182 -0.00522286 -0.195067 0.0752739 -0.00238084 -0.0100271
010 4730 1038.6 1.5 338 662 3.13964e-317 4.16551 10.0143 1041.89 2083.2 1041.89 1041.6 1 208 61 147 -0.00927974 -0.13665 0.0483158 -0.019737 -0.00187734
010 4740 1035.25 1.5 338 662 3.13964e-317 4.16249 10.0178 1038.24 2081.2 1038.24 1040.6 1 203 54 149 -0.0136869 -0.204396 0.0663123 -0.0303035 -0.00131081
010 4750 1034.18 1.5 338 662 3.13964e-317 4.15683 9.99155 1036.54 2073.2 1036.54 1036.6 0 183 52 131 -0.00720464 -0.265368 0.0882511 -0.020586 -0.00414405
010 4760 1039.39 1.5 338 662 3.13964e-317 4.1838 10.0614 1041.83 2084.4 1041.83 1042.2 1 211 37 174 -0.00805329 -0.268077 0.0980757 -0.0100944 -0.00930705
010 4770 1025.13 1.5 340 660 3.13964e-317 4.14985 9.96168 1030 2062 1030 1031 0 155 29 126 -0.0166099 -0.19827 0.0669471 -0.0170547 -0.00671608
010 4780 1029.41 1.5 339 661 3.13964e-317 4.15811 9.97567 1031.67 2064 1031.67 1032 0 160 30 130 -0.00745192 -0.194491 0.0563167 -0.0273494 -0.00170457
010 4790 1025.33 1.5 338 662 3.13964e-317 4.14315 9.9583 1027.09 2055.6 1027.09 1027.8 0 139 33 106 -0.00671056 -0.163349 0.0421511 -0.0173587 -0.00475993
010 4800 1029.24 1.5 337 663 3.13964e-317 4.1628 10.0357 1031.56 2066.4 1031.56 1033.2 2 166 45 121 -0.0102259 -0.21319 0.0518028 -0.0182384 -0.00772132
010 4810 1031.17 1.5 335 665 3.13964e-317 4.1759 10.0777 1035.23 2072.4 1035.23 1036.2 2 181 46 135 -0.0141334 -0.171712 0.0419513 -0.0118081 -0.0103275
010 4820 1031.64 1.5 336 664 3.13964e-317 4.17635 10.0722 1032.99 2068 1032.99 1034 2 170 54 116 -0.00606189 -0.133157 0.0288468 -0.0155041 -0.00848594
010 4830 1028.31 1.5 335 665 3.13964e-317 4.16554 10.068 1030.2 2062 1030.2 1031 1 155 44 111 -0.00727705 -0.173925 0.04289 -0.0122472 -0.00758323
010 4840 1032.43 1.5 334 666 3.13964e-317 4.17708 10.1154 1032.78 2066.4 1032.78 1033.2 1 166 50 116 -0.00189793 -0.141828 0.0365536 -0.00739365 -0.0121167
010 4850 1037.83 1.5 334 666 3.13964e-317 4.21263 10.2487 1041.27 2090.8 1041.27 1045.4 1 227 66 161 -0.0185697 -0.212497 0.0613287 -0.00748342 -0.0114721
010 4860 1036.08 1.5 334 666 3.13964e-317 4.21239 10.2237 1039.6 2080.8 1039.6 1040.4 0 202 64 138 -0.0121533 -0.172185 0.0509124 -0.0107634 -0.010947
010 4870 1041.66 1.5 335 665 3.13964e-317 4.24118 10.2739 1043.97 2089.6 1043.97 1044.8 0 224 59 165 -0.00858451 -0.213331 0.0682718 -0.00830784 -0.00960256
010 4880 1033.15 1.5 336 664 3.13964e-317 4.22699 10.2257 1037.02 2077.2 1037.02 1038.6 5 193 53 140 -0.0147522 -0.234447 0.0813734 -0.0147538 -0.010289
010 4890 1037.39 1.5 336 664 3.13964e-317 4.23671 10.2748 1038.58 2084 1038.58 1042 3 210 43 167 -0.0104132 -0.144531 0.0403647 -0.0143503 -0.0113086
010 4900 1037.1 1.5 336 664 3.13964e-317 4.24501 10.2722 1038.97 2080 1038.97 1040 0 200 50 150 -0.00767795 -0.166945 0.0433024 -0.00515116 -0.0135548
010 4910 1037.87 1.5 335 665 3.13964e-317 4.24525 10.2919 1039.28 2080.4 1039.28 1040.2 2 201 47 154 -0.00608139 -0.183054 0.0562239 -0.0135888 -0.0100753
010 4920 1041.53 1.5 336 664 3.13964e-317 4.26512 10.3286 1043.62 2086.8 1043.62 1043.4 1 217 62 155 -0.00583805 -0.175821 0.057878 -0.0113475 -0.00915961
010 4930 1041.59 1.5 336 664 3.13964e-317 4.26811 10.3612 1043.5 2090 1043.5 1045 0 225 65 160 -0.00874145 -0.173842 0.0584857 -0.0113722 -0.00763304
010 4940 1033.72 1.5 336 664 3.13964e-317 4.23865 10.3204 1036.21 2078.8 1036.21 1039.4 2 197 62 135 -0.0138316 -0.186001 0.0638666 -0.0109655 -0.00814798
010 4950 1034.53 1.5 336 664 3.13964e-317 4.25216 10.3423 1037.26 2079.2 1037.26 1039.6 1 198 41 157 -0.0128865 -0.224576 0.0805353 -0.0147849 -0.00862223
010 4960 1035.72 1.5 338 662 3.13964e-317 4.26926 10.347 1038.21 2078 1038.21 1039 1 195 47 148 -0.00904411 -0.258328 0.0836224 -0.0145441 -0.00882171
010 4970 1028.56 1.5 337 663 3.13964e-317 4.23793 10.3047 1030.5 2067.2 1030.5 1033.6 2 168 43 125 -0.0120283 -0.149292 0.0490858 -0.0137404 -0.00664913
010 4980 1029.55 1.5 337 663 3.13964e-317 4.25046 10.3119 1031.7 2064.8 1031.7 1032.4 2 162 36 126 -0.00784553 -0.239094 0.0711148 -0.0136496 -0.00885401
010 4990 1025.75 1.5 336 664 3.13964e-317 4.24275 10.3051 1028.93 2059.6 1028.93 1029.8 2 149 37 112 -0.0112662 -0.239222 0.0742541 -0.0150743 -0.00848342
110 10 1001.78 1 836 1164 3.13964e-317 0.124186 0.261568 1019.63 2039.2 1019.63 1019.6 0 98 43 55 -0.0534851 -0.335314 -0.0448333 -0.666903 0.504035
110 20 1014.7 1 836 1164 3.13964e-317 0.132749 0.281488 1030.97 2066.8 1030.97 1033.4 0 167 58 109 -0.0536734 -0.233968 -0.0124263 -0.701367 0.591443
110 30 1021.08 1 836 1164 3.13964e-317 0.139515 0.299504 1037.74 2078.4 1037.74 1039.2 0 196 73 123 -0.0528964 -0.176657 -0.00157376 -0.697676 0.607687
110 40 1026.65 1 836 1164 3.13964e-317 0.14458 0.31908 1042.81 2089.2 1042.81 1044.6 0 223 97 126 -0.0520561 -0.105561 -0.02097 -0.704735 0.61627
110 50 1035.4 1 500 500 3.13964e-317 0.152258 0.333066 1050.06 2100 1050.06 1050 0 250 105 145 -0.0438685 -0.109772 -0.0159734 -0.710174 0.625513
110 60 1033.82 1 493 507 3.13964e-317 0.160656 0.349749 1047.54 2098 1047.54 1049 3 245 89 156 -0.0440654 -0.0354511 -0.0392952 -0.682505 0.585881
110 70 1036.47 1 482 518 3.13964e-317 0.17 0.366736 1051.83 2110 1051.83 1055 5 275 109 166 -0.0524231 0.0315978 -0.0755366 -0.663838 0.53496
110 80 1079.56 1 473 527 3.13964e-317 0.185344 0.401663 1088.36 2179.2 1088.36 1089.6 6 448 200 248 -0.028884 0.0634141 -0.142063 -0.670179 0.504275
110 90 1081.34 1 463 537 3.13964e-317 0.200621 0.42691 1093.72 2192 1093.72 1096 9 480 202 278 -0.0417102 0.0652246 -0.152282 -0.643013 0.464029
110 100 1094.38 1 451 549 3.13964e-317 0.212492 0.455262 1107.15 2215.2 1107.15 1107.6 6 538 225 313 -0.0392134 0.125795 -0.218719 -0.608893 0.411179
110 110 1119.66 1 444 556 3.13964e-317 0.228572 0.493655 1135.56 2275.6 1135.56 1137.8 6 689 292 397 -0.0521839 0.144121 -0.313291 -0.596821 0.375473
110 120 1122.8 1 429 571 3.13964e-317 0.245764 0.538034 1137.87 2280 1137.87 1140 11 700 292 408 -0.0494826 0.191567 -0.456772 -0.553945 0.316805
110 130 1128.27 1 424 576 3.13964e-317 0.267442 0.581446 1144.41 2295.2 1144.41 1147.6 10 738 304 434 -0.054787 0.218756 -0.483942 -0.534474 0.303532
110 140 1132.51 1 418 582 3.13964e-317 0.289663 0.615986 1151.93 2304 1151.93 1152 7 760 318 442 -0.0583988 0.149828 -0.438163 -0.508786 0.27026
110 150 1149.4 1 412 588 3.13964e-317 0.316157 0.662631 1161.05 2322 1161.05 1161 5 805 325 480 -0.0348569 0.298894 -0.731426 -0.496136 0.25844
110 160 1149.53 1 403 597 3.13964e-317 0.33441 0.709756 1163.37 2328.4 1163.37 1164.2 9 821 327 494 -0.0431956 0.221358 -0.606749 -0.454375 0.218372
110 170 1157.59 1 400 600 3.13964e-317 0.35972 0.752693 1168.52 2350.8 1168.52 1175.4 10 877 354 523 -0.0465588 0.276638 -0.743895 -0.435604 0.205481
110 180 1144.76 1 392 608 3.13964e-317 0.378177 0.782211 1159.01 2312.4 1159.01 1156.2 3 781 303 478 -0.0371212 0.264341 -0.778355 -0.386645 0.185002
110 190 1146.62 1 380 620 3.13964e-317 0.406081 0.832113 1164.25 2330 1164.25 1165 3 825 304 521 -0.0543815 0.281628 -0.748388 -0.337926 0.121426
110 200 1159.98 1 369 631 3.13964e-317 0.426756 0.893911 1170.88 2356 1170.88 1178 8 890 323 567 -0.0469454 0.306748 -0.743446 -0.285784 0.0823859
110 210 1157.26 1 361 639 3.13964e-317 0.447592 0.930667 1172.68 2342 1172.68 1171 6 855 306 549 -0.0428934 0.255978 -0.756991 -0.232315 0.0546793
110 220 1153.25 1 352 648 3.13964e-317 0.470495 0.983464 1165.98 2349.6 1165.98 1174.8 8 874 301 573 -0.0558403 0.286512 -0.920737 -0.18476 0.0264496
110 230 1149.28 1 340 660 3.13964e-317 0.494793 1.02328 1166.41 2329.6 1166.41 1164.8 7 824 273 551 -0.0481638 0.269943 -0.759285 -0.102816 -0.0214552
110 240 1150.35 1 337 663 3.13964e-317 0.510527 1.08575 1164.59 2326.8 1164.59 1163.4 3 817 271 546 -0.040357 0.157201 -0.553402 -0.0749823 -0.0291718
110 250 1156.67 1 331 669 3.13964e-317 0.530963 1.14168 1172.01 2342.4 1172.01 1171.2 3 856 287 569 -0.044385 0.123299 -0.443816 -0.0490616 -0.0397998
110 260 1138.72 1 331 669 3.13964e-317 0.540133 1.17423 1152.91 2308.8 1152.91 1154.4 8 772 284 488 -0.0455568 0.163927 -0.493877 -0.0593244 -0.0412428
110 270 1131.01 1 329 671 3.13964e-317 0.554685 1.21381 1141.07 2294.4 1141.07 1147.2 3 736 273 463 -0.0424436 0.0498559 -0.225131 -0.061565 -0.0389489
110 280 1105.01 1 327 673 3.13964e-317 0.564588 1.22416 1123.56 2240 1123.56 1120 6 600 244 356 -0.0485398 0.0493947 -0.22202 -0.0375457 -0.0462876
110 290 1109.01 1 326 674 3.13964e-317 0.58296 1.26524 1119.31 2242 1119.31 1121 6 605 233 372 -0.034269 0.0161336 -0.12937 -0.0502774 -0.0424144
110 300 1091.66 1 326 674 3.13964e-317 0.597025 1.30837 1105.51 2223.6 1105.51 1111.8 2 559 227 332 -0.0541446 0.0602651 -0.154617 -0.0577668 -0.0353582
110 310 1094.38 1 328 672 3.13964e-317 0.614391 1.34456 1106.99 2215.6 1106.99 1107.8 6 539 207 332 -0.0394498 0.00861494 -0.0978095 -0.0457839 -0.036258
110 320 1092.16 1 327 673 3.13964e-317 0.639123 1.38647 1103.07 2220.8 1103.07 1110.4 6 552 203 349 -0.0473942 0.0827314 -0.163882 -0.0364617 -0.0359781
110 330 1111.59 1 327 673 3.13964e-317 0.667632 1.45126 1121.42 2258 1121.42 1129 5 645 230 415 -0.0446555 0.0869138 -0.189464 -0.050464 -0.0418134
110 340 1101.33 1 329 671 3.13964e-317 0.682067 1.46543 1113.09 2226.8 1113.09 1113.4 5 567 211 356 -0.0359057 0.0676224 -0.183997 -0.042452 -0.0392783
110 350 1119.55 1 329 671 3.13964e-317 0.710754 1.52834 1126.2 2265.6 1126.2 1132.8 4 664 236 428 -0.0331674 0.106141 -0.213196 -0.0446044 -0.0364866
110 360 1124.18 1 330 670 3.13964e-317 0.733962 1.59147 1131.06 2289.2 1131.06 1144.6 4 723 263 460 -0.0477102 0.173182 -0.355823 -0.0636479 -0.0441542
110 370 1126.52 1 328 672 3.13964e-317 0.759862 1.62276 1141.25 2266.8 1141.25 1133.4 5 667 249 418 -0.0284798 0.103391 -0.292718 -0.0433758 -0.0460161
110 380 1111.09 1 329 671 3.13964e-317 0.768203 1.65442 1126 2258.8 1126 1129.4 7 647 245 402 -0.0515447 0.0447864 -0.165284 -0.052324 -0.0337664
110 390 1104.83 1 328 672 3.13964e-317 0.788702 1.67975 1115.33 2238.8 1115.33 1119.4 2 597 227 370 -0.0396454 0.0516331 -0.16149 -0.0442104 -0.0341535
110 400 1102.67 1 326 674 3.13964e-317 0.805065 1.70441 1113.35 2226.8 1113.35 1113.4 2 567 220 347 -0.032135 -0.0139258 -0.0602317 -0.0350526 -0.0330435
110 410 1090.01 1 325 675 3.13964e-317 0.821674 1.7127 1103.43 2203.6 1103.43 1101.8 3 509 198 311 -0.0370025 -0.0632128 0.00109901 -0.0255988 -0.0370196
110 420 1085.07 1 328 672 3.13964e-317 0.833009 1.74571 1093.83 2201.2 1093.83 1100.6 6 503 180 323 -0.039832 0.0516123 -0.123078 -0.0382215 -0.0360779
110 430 1086.89 1 330 670 3.13964e-317 0.853684 1.78777 1099.45 2204 1099.45 1102 6 510 193 317 -0.0427772 0.0756338 -0.141553 -0.0418075 -0.0311953
110 440 1095.71 1 330 670 3.13964e-317 0.877229 1.838 1110.27 2225.2 1110.27 1112.6 5 563 214 349 -0.0483384 -0.0116989 -0.0679007 -0.0487589 -0.0321995
110 450 1088.39 1 328 672 3.13964e-317 0.879488 1.84584 1096.27 2194.4 1096.27 1097.2 5 486 170 316 -0.025508 -0.0990249 0.0363698 -0.0341302 -0.0337877
110 460 1069.27 1 330 670 3.13964e-317 0.879323 1.84504 1077.11 2159.2 1077.11 1079.6 6 398 143 255 -0.0285006 -0.0513134 -0.0200182 -0.0352357 -0.0340093
110 470 1071.99 1 331 669 3.13964e-317 0.889258 1.88776 1081.25 2167.6 1081.25 1083.8 4 419 149 270 -0.0328789 -0.0363537 -0.0271823 -0.0316172 -0.0309103
110 480 1080.23 1 331 669 3.13964e-317 0.909223 1.93729 1087.48 2187.2 1087.48 1093.6 4 468 168 300 -0.0339918 0.0322365 -0.0883544 -0.0373545 -0.0335541
110 490 1085.3 1 329 671 3.13964e-317 0.927525 1.97081 1091.13 2190.8 1091.13 1095.4 5 477 173 304 -0.0260372 0.00567441 -0.0780163 -0.0336534 -0.0394009
110 500 1088.43 1 333 667 3.13964e-317 0.948591 2.0207 1095.69 2198 1095.69 1099 6 495 179 316 -0.028394 -0.0210868 -0.0542594 -0.0465259 -0.0337506
110 510 1088.58 1 331 669 3.13964e-317 0.964056 2.05806 1097.69 2196 1097.69 1098 5 490 168 322 -0.0279415 -0.073494 0.00857593 -0.029131 -0.0357004
110 520 1069.95 1 331 669 3.13964e-317 0.964366 2.0644 1079.33 2164.4 1079.33 1082.2 7 411 131 280 -0.0338911 -0.0618237 -0.00653894 -0.0225364 -0.0375463
110 530 1063.01 1 332 668 3.13964e-317 0.970209 2.07989 1072.02 2149.2 1072.02 1074.6 3 373 122 251 -0.0321879 -0.100166 0.0122362 -0.031083 -0.0377473
110 540 1059.39 1 332 668 3.13964e-317 0.976928 2.0858 1068.45 2132.8 1068.45 1066.4 2 332 108 224 -0.0230742 -0.154264 0.0540804 -0.0257379 -0.0335135
110 550 1045.88 1 334 666 3.13964e-317 0.97584 2.09496 1056.42 2120 1056.42 1060 3 300 94 206 -0.0387947 -0.168198 0.0538594 -0.0304248 -0.0295711
110 560 1050.99 1 335 665 3.13964e-317 0.99362 2.11589 1059.32 2122 1059.32 1061 4 305 88 217 -0.0283368 -0.0599005 -0.00841684 -0.0316191 -0.023051
110 570 1059.52 1 334 666 3.13964e-317 1.01422 2.16916 1066.51 2144.8 1066.51 1072.4 6 362 115 247 -0.032751 0.0398655 -0.0684094 -0.0312158 -0.030486
110 580 1069.28 1 332 668 3.13964e-317 1.02933 2.202 1075.65 2154.8 1075.65 1077.4 4 387 134 253 -0.0226246 -0.063143 -0.00113861 -0.0268786 -0.0266807
110 590 1062.16 1 333 667 3.13964e-317 1.03586 2.21661 1068.67 2145.2 1068.67 1072.6 4 363 128 235 -0.0273742 -0.0531544 -0.0111118 -0.0294954 -0.0268946
110 600 1061.41 1 331 669 3.13964e-317 1.04856 2.25345 1067.96 2149.6 1067.96 1074.8 5 374 131 243 -0.0333292 0.0239218 -0.060412 -0.0290534 -0.0282767
110 610 1073.76 1 331 669 3.13964e-317 1.06842 2.30257 1080.72 2167.6 1080.72 1083.8 6 419 154 265 -0.0270567 -0.0527308 -0.0122158 -0.0325347 -0.0284459
110 620 1071.02 1 332 668 3.13964e-317 1.0809 2.33028 1081.17 2168.4 1081.17 1084.2 6 421 152 269 -0.036496 -0.0232687 -0.0327055 -0.0364638 -0.0247631
110 630 1074.06 1 330 670 3.13964e-317 1.0925 2.36462 1084.89 2171.2 1084.89 1085.6 1 428 149 279 -0.0339124 -0.030828 -0.0237164 -0.0254051 -0.027608
110 640 1072.64 1 330 670 3.13964e-317 1.09586 2.37803 1080.58 2161.6 1080.58 1080.8 4 404 143 261 -0.0242525 -0.0656933 0.000414894 -0.0242527 -0.0307511
110 650 1068.49 1 333 667 3.13964e-317 1.10595 2.396 1074.15 2154.4 1074.15 1077.2 4 386 133 253 -0.0230714 -0.0491335 -0.0101046 -0.0283893 -0.0252008
110 660 1064.56 1 332 668 3.13964e-317 1.10901 2.41227 1072.29 2147.6 1072.29 1073.8 2 369 123 246 -0.0262078 -0.0332568 -0.0137445 -0.0218594 -0.0218043
110 670 1064.12 1 335 665 3.13964e-317 1.12261 2.44339 1071.88 2156 1071.88 1078 3 390 132 258 -0.0355102 -0.00542885 -0.0463075 -0.0388731 -0.0255255
110 680 1069.91 1 331 669 3.13964e-317 1.14068 2.48161 1078.21 2161.2 1078.21 1080.6 4 403 136 267 -0.0296986 -0.00481543 -0.04376 -0.0265241 -0.0284204
110 690 1065.07 1 333 667 3.13964e-317 1.14429 2.48781 1073.69 2150.4 1073.69 1075.2 5 376 127 249 -0.0288762 -0.0544415 -0.00920739 -0.0396823 -0.0219335
110 700 1064.04 1 332 668 3.13964e-317 1.15274 2.5092 1070.61 2148.8 1070.61 1074.4 8 372 122 250 -0.0272827 -0.0339518 -0.0259516 -0.0320356 -0.0277663
110 710 1066.26 1 333 667 3.13964e-317 1.16531 2.54355 1075.38 2154 1075.38 1077 6 385 131 254 -0.0305882 -0.00436932 -0.0460256 -0.0287272 -0.0289311
110 720 1064.63 1 334 666 3.13964e-317 1.17222 2.57104 1072.58 2148.4 1072.58 1074.2 3 371 113 258 -0.0270927 -0.0752285 0.00603216 -0.0283214 -0.0282289
110 730 1059.21 1 334 666 3.13964e-317 1.17833 2.5917 1066.68 2139.2 1066.68 1069.6 1 348 104 244 -0.0282472 -0.105395 0.01844 -0.0256539 -0.0328923
110 740 1053.03 1 336 664 3.13964e-317 1.18562 2.60204 1064.74 2122.8 1064.74 1061.4 6 307 86 221 -0.0284391 -0.177734 0.0668361 -0.0244399 -0.0254674
110 750 1052.58 1 338 662 3.13964e-317 1.18907 2.62039 1057.22 2121.2 1057.22 1060.6 1 303 80 223 -0.0206959 0.00387248 -0.0401517 -0.0263759 -0.0229786
110 760 1049.94 1 337 663 3.13964e-317 1.1992 2.63548 1056.01 2118 1056.01 1059 5 295 86 209 -0.0241923 -0.103751 0.0139091 -0.0241348 -0.0265596
110 770 1043.95 1 336 664 3.13964e-317 1.20117 2.65223 1050.66 2106.4 1050.66 1053.2 7 266 73 193 -0.0252086 -0.0727296 0.00201674 -0.0236764 -0.0234807
110 780 1034.15 1 336 664 3.13964e-317 1.20034 2.66066 1042.58 2086.8 1042.58 1043.4 3 217 56 161 -0.0269409 -0.174854 0.0440994 -0.0265818 -0.0226864
110 790 1036.26 1 335 665 3.13964e-317 1.2074 2.69495 1041 2089.6 1041 1044.8 4 224 63 161 -0.0218131 -0.0751028 -0.00425335 -0.0262728 -0.023951
110 800 1031.09 1 334 666 3.13964e-317 1.20742 2.69595 1036.93 2076.4 1036.93 1038.2 3 191 52 139 -0.0200457 -0.154911 0.0281701 -0.00974765 -0.0262113
110 810 1027.9 1 335 665 3.13964e-317 1.21616 2.71839 1033.94 2076.8 1033.94 1038.4 3 192 48 144 -0.0270411 -0.200475 0.0421393 -0.0274732 -0.0231222
110 820 1030.21 1 337 663 3.13964e-317 1.22895 2.74302 1037.17 2077.2 1037.17 1038.6 4 193 42 151 -0.0237443 -0.231409 0.0519665 -0.0262633 -0.0262357
110 830 1025.04 1 337 663 3.13964e-317 1.22985 2.75423 1029.29 2070 1029.29 1035 2 175 44 131 -0.0241821 -0.105907 0.00775004 -0.031631 -0.0204039
110 840 1028.79 1 337 663 3.13964e-317 1.2413 2.77301 1036.55 2070 1036.55 1035 0 175 38 137 -0.0201971 -0.220228 0.053438 -0.0234347 -0.0185228
110 850 1026.01 1 336 664 3.13964e-317 1.24146 2.78535 1030.91 2063.6 1030.91 1031.8 3 159 42 117 -0.0164976 -0.345572 0.107545 -0.022359 -0.0232531
110 860 1026.21 1 334 666 3.13964e-317 1.2494 2.81105 1032.13 2070 1032.13 1035 4 175 42 133 -0.0234948 -0.36224 0.104974 -0.0180958 -0.0283455
110 870 1028.68 1 338 662 3.13964e-317 1.26226 2.83214 1036 2069.2 1036 1034.6 1 173 40 133 -0.0191677 -0.353406 0.103304 -0.0426628 -0.0167195
110 880 1025.27 1 337 663 3.13964e-317 1.26133 2.84972 1032.01 2064.8 1032.01 1032.4 3 162 40 122 -0.0209903 -0.187537 0.043704 -0.0257229 -0.0186651
110 890 1025.71 1 337 663 3.13964e-317 1.26726 2.88246 1034 2069.6 1034 1034.8 3 174 41 133 -0.0264691 -0.159135 0.0267097 -0.0238313 -0.0232839
110 900 1029.71 1 337 663 3.13964e-317 1.27994 2.91629 1036.98 2078.8 1036.98 1039.4 0 197 49 148 -0.0266648 -0.0158791 -0.0256211 -0.0254696 -0.0219365
110 910 1040.84 1 337 663 3.13964e-317 1.29742 2.96651 1045.14 2098 1045.14 1049 4 245 62 183 -0.0206167 -0.105007 0.00234124 -0.0270654 -0.0254564
110 920 1040.12 1 337 663 3.13964e-317 1.30458 2.9859 1045.06 2096 1045.06 1048 3 240 59 181 -0.0206919 -0.113913 0.0129076 -0.0250836 -0.0240188
110 930 1040.69 1 337 663 3.13964e-317 1.31474 2.99473 1046.75 2089.2 1046.75 1044.6 3 223 53 170 -0.0138888 -0.227227 0.0719946 -0.0227696 -0.0224532
110 940 1027.78 1 334 666