10 1014.33 1 500 500
0.187395 0.184916 1021.31 1023 1021.31 1023 0 115 62 53 -0.0156446 -0.142583 0.00196074 -0.01217 -0.0206225
20 1022.77 1 500 500
0.194789 0.195431 1029.82 1033.8 1029.82 1033.8 0 169 83 86 -0.0180783 -0.149387 0.0102988 -0.0196692 -0.0188168
30 1037.91 1 500 500
0.203686 0.205555 1042.98 1045.2 1042.98 1045.2 0 226 118 108 -0.0123525 -0.147778 0.0234778 -0.0167923 -0.019825
40 1038.39 1 500 500
0.212034 0.211611 1044.83 1046.2 1044.83 1046.2 0 231 114 117 -0.0142561 -0.106094 0.017447 -0.0157741 -0.0177735
50 1040.37 1 500 500
0.221731 0.223496 1046.83 1049.2 1046.83 1049.2 0 246 117 129 -0.0153012 -0.0691271 0.00490697 -0.0148892 -0.016904
60 1038.64 1 500 500
0.22942 0.232946 1047.86 1049.2 1047.86 1049.2 0 246 120 126 -0.0197693 -0.107382 0.0255043 -0.0133611 -0.0164255
70 1038.61 1 500 500
0.238715 0.242474 1045.33 1047 1045.33 1047 0 235 105 130 -0.0151087 -0.123712 0.0319572 -0.0123449 -0.017765
80 1038.39 1 500 500
0.247068 0.250107 1045.72 1044.4 1045.72 1044.4 0 222 103 119 -0.0133468 -0.135469 0.0364605 -0.0108843 -0.0186645
90 1038.42 1 500 500
0.257143 0.259492 1046.3 1046.8 1046.3 1046.8 0 234 114 120 -0.0162634 -0.139679 0.0341588 -0.0116288 -0.0208797
100 1043.47 1 500 500
0.263711 0.266581 1050.18 1050.4 1050.18 1050.4 0 252 123 129 -0.0136322 -0.14431 0.0431101 -0.0125548 -0.0155514
110 1045.72 1 500 500
0.271964 0.278355 1052.25 1052.6 1052.25 1052.6 2 263 138 125 -0.0134185 -0.094615 0.0224275 -0.0148005 -0.0126768
120 1042.85 1 500 500
0.279469 0.287215 1049.57 1051 1049.57 1051 3 255 127 128 -0.0148621 -0.0830446 0.0199643 -0.0146673 -0.0123598
130 1046.5 1 499 501
0.290353 0.296398 1054.05 1055 1054.05 1055 2 275 136 139 -0.0160501 -0.0815372 0.0179764 -0.0148604 -0.0132768
140 1042.52 1 500 500
0.29837 0.305691 1049.67 1049.8 1049.67 1049.8 2 249 118 131 -0.0144325 -0.0678172 0.00885084 -0.0148841 -0.0183218
150 1039.35 1 501 499
0.305276 0.313355 1045.6 1046 1045.6 1046 6 230 102 128 -0.0128892 -0.0609967 0.00570019 -0.018509 -0.0130325
160 1042.63 1 501 499
0.314065 0.323508 1045.78 1046 1045.78 1046 5 230 104 126 -0.00652478 -0.0823831 0.0138582 -0.0155876 -0.013667
170 1042.11 1 501 499
0.323831 0.336022 1049.46 1051 1049.46 1051 5 255 108 147 -0.0162409 -0.0779223 0.0129952 -0.0139799 -0.0160391
180 1044.8 1 502 498
0.330984 0.350888 1052.06 1053.4 1052.06 1053.4 6 267 117 150 -0.0158605 -0.0664861 0.00891134 -0.0103114 -0.0195541
190 1047.96 1 504 496
0.338888 0.364001 1054.36 1058.4 1054.36 1058.4 2 292 130 162 -0.016834 0.0100129 -0.0257794 -0.0136444 -0.0146575
200 1060.86 1 503 497
0.355902 0.382072 1070.46 1075.2 1070.46 1075.2 8 376 175 201 -0.0239337 0.0352199 -0.0484265 -0.0189113 -0.0173724
210 1073.86 1 502 498
0.370022 0.398371 1079.41 1080.4 1079.41 1080.4 4 402 213 189 -0.0120808 0.0593533 -0.0688373 -0.0150549 -0.0151965
220 1082.2 1 498 502
0.385154 0.417933 1086.92 1088.8 1086.92 1088.8 4 444 232 212 -0.0113095 -0.0266768 -0.00996004 -0.0168138 -0.018246
230 1083.6 1 498 502
0.403952 0.433273 1089.16 1093.2 1089.16 1093.2 3 466 239 227 -0.0151691 0.00490495 -0.0333192 -0.0172149 -0.0146498
240 1083.17 1 498 502
0.422581 0.446936 1092.52 1095.2 1092.52 1095.2 5 476 252 224 -0.0213737 0.00200446 -0.0330019 -0.016191 -0.0157882
250 1089.2 1 495 505
0.436183 0.462034 1095.61 1102.4 1095.61 1102.4 7 512 269 243 -0.0196009 0.0802837 -0.10559 -0.0175085 -0.0182002
260 1102.05 1 494 506
0.459372 0.479334 1110.46 1111.8 1110.46 1111.8 5 559 301 258 -0.0181724 0.0319186 -0.0772154 -0.0178134 -0.0226238
270 1106.73 1 494 506
0.479156 0.495724 1110.65 1112.8 1110.65 1112.8 5 564 311 253 -0.0099969 0.00308121 -0.0432986 -0.017818 -0.0176703
280 1103.79 1 493 507
0.503863 0.512364 1112.01 1113.6 1112.01 1113.6 4 568 313 255 -0.0180251 0.0630651 -0.106132 -0.0150315 -0.0155083
290 1112.82 1 495 505
0.524267 0.535325 1119.23 1123 1119.23 1123 1 615 323 292 -0.0165843 0.0563126 -0.109437 -0.0174003 -0.0158494
300 1109.24 1 494 506
0.544938 0.550883 1116.27 1120 1116.27 1120 6 600 332 268 -0.0177874 0.0192384 -0.065477 -0.0184216 -0.0159861
310 1109.82 1 493 507
0.567886 0.570791 1118.26 1123 1118.26 1123 4 615 339 276 -0.0216199 0.054274 -0.11477 -0.0199703 -0.0169025
320 1115.04 1 492 508
0.593129 0.593788 1125.29 1127 1125.29 1127 6 635 353 282 -0.0222151 0.0629299 -0.126326 -0.0154837 -0.017598
330 1115.65 1 493 507
0.608554 0.61509 1125.9 1127.2 1125.9 1127.2 3 636 356 280 -0.0218059 0.0388123 -0.0990256 -0.0214217 -0.0140835
340 1114.74 1 493 507
0.623553 0.633786 1120.3 1124 1120.3 1124 3 620 337 283 -0.0148175 0.0589963 -0.11571 -0.0155942 -0.0169907
350 1112.85 1 494 506
0.640344 0.654674 1119.85 1118.6 1119.85 1118.6 3 593 328 265 -0.0127564 0.0342295 -0.0850476 -0.0132023 -0.0179968
360 1105.13 1 495 505
0.665459 0.671115 1113.24 1113.8 1113.24 1113.8 3 569 308 261 -0.016777 0.0103362 -0.0462866 -0.0170344 -0.0119458
370 1107.63 1 494 506
0.691523 0.699292 1116.45 1115.4 1116.45 1115.4 2 577 307 270 -0.0165972 0.00308069 -0.0372948 -0.0115838 -0.017951
380 1105.41 1 496 504
0.716397 0.719441 1113.55 1116.4 1113.55 1116.4 3 582 307 275 -0.0191332 0.0277802 -0.0698201 -0.0167003 -0.0146202
390 1108.31 1 496 504
0.743653 0.741816 1120.12 1120.2 1120.12 1120.2 3 601 328 273 -0.0236887 0.0797099 -0.133681 -0.0168661 -0.015351
400 1111.26 1 495 505
0.766213 0.769855 1118.14 1126.6 1118.14 1126.6 2 633 343 290 -0.0222155 0.0956221 -0.159993 -0.0189654 -0.0142678
410 1128.34 1 493 507
0.804993 0.791555 1136.58 1137.8 1136.58 1137.8 2 689 374 315 -0.0177133 0.0982335 -0.190281 -0.0152063 -0.0202224
420 1120.56 1 493 507
0.830538 0.806793 1131.05 1131.4 1131.05 1131.4 0 657 378 279 -0.0213355 0.0431542 -0.101828 -0.0196125 -0.0110542
430 1119.24 1 492 508
0.84756 0.8192 1125.46 1127.4 1125.46 1127.4 4 637 351 286 -0.0143794 0.0350312 -0.0924735 -0.016089 -0.0146012
440 1109 1 491 509
0.867733 0.83351 1116.72 1117.2 1116.72 1117.2 2 586 322 264 -0.0159236 -0.00595127 -0.0228356 -0.0105245 -0.0149165
450 1101.73 1 494 506
0.887662 0.847508 1108.89 1108.6 1108.89 1108.6 1 543 295 248 -0.0140213 -0.024654 -0.00573021 -0.0150445 -0.0172062
460 1091.55 1 498 502
0.902561 0.864593 1101.53 1102.6 1101.53 1102.6 2 513 279 234 -0.0210353 -0.0199022 -0.00722891 -0.0175136 -0.0103559
470 1091.23 1 497 503
0.92754 0.876777 1097.27 1099 1097.27 1099 6 495 257 238 -0.0138005 -0.0081026 -0.0192842 -0.0133009 -0.0139923
480 1084.3 1 497 503
0.954449 0.897099 1092.83 1095.6 1092.83 1095.6 5 478 260 218 -0.019837 0.018205 -0.0478534 -0.0151255 -0.0163651
490 1094.76 1 497 503
0.983534 0.920439 1101.93 1104.8 1101.93 1104.8 3 524 277 247 -0.0172184 0.00541244 -0.0405939 -0.0215548 -0.015046
500 1092.75 1 496 504
1.01353 0.932164 1099.05 1102 1099.05 1102 4 510 268 242 -0.0155466 -0.00593475 -0.0266772 -0.0171524 -0.0148968
510 1094.02 1 496 504
1.03282 0.957181 1099.55 1099.6 1099.55 1099.6 2 498 272 226 -0.0110987 0.0127288 -0.0400598 -0.0143489 -0.0122597
520 1091.34 1 496 504
1.05584 0.981924 1095.45 1100.6 1095.45 1100.6 2 503 273 230 -0.013366 0.0246992 -0.0512907 -0.015525 -0.0123081
530 1091.79 1 496 504
1.08411 0.991666 1100.21 1103.4 1100.21 1103.4 4 517 286 231 -0.0200221 0.0276405 -0.0583634 -0.0164128 -0.0121084
540 1099.98 1 494 506
1.10231 1.01388 1108.42 1108 1108.42 1108 5 540 300 240 -0.0164618 0.0512697 -0.0890764 -0.0157106 -0.0156409
550 1109.9 1 493 507
1.14026 1.0449 1116.63 1115.2 1116.63 1115.2 3 576 311 265 -0.0120261 0.0335027 -0.0798559 -0.00944447 -0.0235615
560 1103.2 1 492 508
1.16443 1.06492 1112.38 1114.4 1112.38 1114.4 2 572 324 248 -0.0203773 0.0276877 -0.0667536 -0.0186499 -0.0127659
570 1103.8 1 492 508
1.17589 1.07652 1108.96 1112.6 1108.96 1112.6 5 563 313 250 -0.0139558 -0.00267707 -0.0348202 -0.0173794 -0.0167213
580 1103.69 1 493 507
1.20378 1.09774 1112.09 1112 1112.09 1112 5 560 328 232 -0.0167044 0.0460186 -0.0967576 -0.0172273 -0.0177983
590 1100.34 1 492 508
1.21939 1.11694 1107.3 1109 1107.3 1109 3 545 315 230 -0.0156118 0.0137567 -0.049947 -0.0154309 -0.0151579
600 1097.68 1 491 509
1.24469 1.12908 1104.96 1104.4 1104.96 1104.4 0 522 290 232 -0.0140074 -0.0397236 0.0158591 -0.0096769 -0.0182575
610 1084.34 1 493 507
1.25352 1.13595 1091.34 1091 1091.34 1091 1 455 245 210 -0.0136674 -0.0455201 0.0144599 -0.0123388 -0.0185149
620 1077.69 1 496 504
1.27019 1.14806 1084.65 1086.8 1084.65 1086.8 1 434 223 211 -0.0160632 0.00133477 -0.0235794 -0.0105452 -0.0145574
630 1081.73 1 495 505
1.30382 1.16373 1087.6 1090.6 1087.6 1090.6 2 453 253 200 -0.0147337 0.00725914 -0.0336993 -0.0139348 -0.0157638
640 1080.21 1 494 506
1.32967 1.17259 1087.1 1086.4 1087.1 1086.4 4 432 235 197 -0.0130789 -0.0247856 -0.00290875 -0.0103425 -0.015842
650 1070.15 1 497 503
1.34752 1.17673 1077.44 1080.4 1077.44 1080.4 3 402 210 192 -0.0175444 -0.0198946 -0.0103536 -0.0152934 -0.0137049
660 1072.86 1 496 504
1.37292 1.1855 1078.04 1078.8 1078.04 1078.8 4 394 197 197 -0.0111202 -0.0209276 -0.0112214 -0.0109903 -0.0195951
670 1074.64 1 497 503
1.39712 1.20664 1081.44 1083.4 1081.44 1083.4 2 417 230 187 -0.0155476 0.00111857 -0.0266104 -0.0173313 -0.0118535
680 1073.87 1 493 507
1.4153 1.2176 1079.49 1080.4 1079.49 1080.4 3 402 220 182 -0.012157 -0.025142 -0.00609338 -0.0122263 -0.0165109
690 1072.91 1 494 506
1.42983 1.2314 1078.63 1079.2 1078.63 1079.2 5 396 211 185 -0.0120125 -0.064598 0.0264191 -0.00838981 -0.0178434
700 1066.12 1 497 503
1.43526 1.24538 1069.37 1071.2 1069.37 1071.2 1 356 192 164 -0.00832956 -0.0854222 0.0367834 -0.0128674 -0.0144979
710 1058.03 1 497 503
1.44905 1.25486 1064.26 1062.4 1064.26 1062.4 1 312 162 150 -0.0105895 -0.106067 0.0432196 -0.0141024 -0.013517
720 1047.39 1 498 502
1.44722 1.25634 1051.22 1051.6 1051.22 1051.6 0 258 133 125 -0.00803735 -0.131379 0.0527168 -0.0101266 -0.0147611
730 1044.72 1 500 500
1.45547 1.26581 1049.3 1050 1049.3 1050 5 250 121 129 -0.00985762 -0.127389 0.0434551 -0.011474 -0.00958893
740 1041.39 1 501 499
1.46888 1.28128 1046.53 1050.8 1046.53 1050.8 2 254 120 134 -0.0145447 -0.0417927 -0.000801656 -0.014311 -0.0125392
750 1053.2 1 501 499
1.4971 1.30048 1056.88 1060 1056.88 1060 1 300 151 149 -0.010482 -0.0353533 -0.00285686 -0.0162628 -0.00997613
760 1055.83 1 499 501
1.51628 1.31994 1060.06 1062.6 1060.06 1062.6 2 313 151 162 -0.0110039 -0.0488197 0.00456872 -0.0111355 -0.0155952
770 1056.04 1 500 500
1.53303 1.33124 1061.7 1065 1061.7 1065 5 325 153 172 -0.0146252 -0.0260471 -0.00639219 -0.011382 -0.0148856
780 1057.81 1 502 498
1.54847 1.34561 1061.19 1064.8 1061.19 1064.8 2 324 158 166 -0.0103724 -0.0145185 -0.0104118 -0.0127878 -0.0109194
790 1056.36 1 502 498
1.56562 1.3597 1061.13 1065.4 1061.13 1065.4 2 327 157 170 -0.0138102 -0.0339796 -0.00118956 -0.0164208 -0.00953965
800 1061.09 1 499 501
1.58528 1.38675 1066.13 1070.8 1066.13 1070.8 2 354 170 184 -0.0147462 -0.0675685 0.0205325 -0.00886807 -0.0147213
810 1060.17 1 503 497
1.60377 1.3996 1068.36 1068.8 1068.36 1068.8 2 344 160 184 -0.0168203 -0.00716561 -0.0140864 -0.0121606 -0.0106046
820 1065.02 1 502 498
1.62866 1.42432 1072.67 1073.4 1072.67 1073.4 1 367 173 194 -0.0160176 -0.0423118 0.00151673 -0.0122962 -0.0177388
830 1065.3 1 502 498
1.63477 1.43641 1069.98 1071.4 1069.98 1071.4 4 357 167 190 -0.0107839 -0.0370631 0.00374194 -0.0116332 -0.0128791
840 1068.92 1 502 498
1.65981 1.45329 1072.42 1075 1072.42 1075 6 375 182 193 -0.00957214 -0.0147467 -0.0102037 -0.0129892 -0.0109172
850 1071.85 1 499 501
1.68191 1.47841 1076.1 1078.6 1076.1 1078.6 3 393 194 199 -0.0109936 0.00264155 -0.0251167 -0.0129435 -0.0145803
860 1070.02 1 499 501
1.69726 1.49293 1074.08 1077 1074.08 1077 2 385 191 194 -0.0110334 -0.00534435 -0.0182491 -0.0141608 -0.0116006
870 1075.01 1 500 500
1.72834 1.52481 1081.09 1083.4 1081.09 1083.4 3 417 211 206 -0.0144629 0.00691731 -0.0288423 -0.0136821 -0.0138214
880 1082.39 1 500 500
1.75535 1.54868 1087.13 1092.6 1087.13 1092.6 2 463 244 219 -0.0149448 0.0300158 -0.0472723 -0.0185004 -0.00803073
890 1088.92 1 499 501
1.77868 1.56716 1093.73 1093 1093.73 1093 2 465 243 222 -0.00888354 -0.0147778 -0.00941042 -0.0154063 -0.00877379
900 1085.86 1 497 503
1.78415 1.59126 1091.66 1094.8 1091.66 1094.8 3 474 245 229 -0.0147448 0.0013805 -0.0220036 -0.0108371 -0.0111869
910 1088.06 1 497 503
1.80419 1.60915 1090.52 1092.6 1090.52 1092.6 2 463 238 225 -0.00699251 -0.0200119 -0.00920098 -0.0137187 -0.0149677
920 1078.49 1 499 501
1.81457 1.61844 1086.93 1085.6 1086.93 1085.6 3 428 223 205 -0.015551 -0.0296312 0.00723515 -0.00859884 -0.0117936
930 1074.71 1 499 501
1.82023 1.63408 1081.45 1082 1081.45 1082 2 410 214 196 -0.0140309 -0.0386789 0.00677107 -0.01562 -0.0102991
940 1066.94 1 500 500
1.82628 1.64295 1075.32 1074.6 1075.32 1074.6 1 373 193 180 -0.0160359 -0.0692546 0.0297605 -0.0132115 -0.0112323
950 1062.05 1 500 500
1.82902 1.6503 1068.36 1069.4 1068.36 1069.4 1 347 172 175 -0.0136519 -0.0642331 0.022952 -0.012018 -0.0114773
960 1064.09 1 499 501
1.84172 1.66947 1067.8 1070 1067.8 1070 4 350 171 179 -0.0096269 -0.0727651 0.0242118 -0.0127694 -0.0136713
970 1056.32 1 500 500
1.84524 1.6696 1061.06 1060.6 1061.06 1060.6 1 303 148 155 -0.00902565 -0.102933 0.0444355 -0.010483 -0.0126458
980 1049.39 1 501 499
1.85344 1.68352 1055.18 1058 1055.18 1058 1 290 142 148 -0.0144024 -0.092019 0.0318748 -0.0113565 -0.00988219
990 1043.45 1 500 500
1.85846 1.70091 1050.4 1054.4 1050.4 1054.4 1 272 137 135 -0.0178987 -0.0576291 0.0122519 -0.0137679 -0.00826907
1000 1050.34 1 501 499
1.88256 1.72061 1054.77 1058.2 1054.77 1058.2 4 291 138 153 -0.0123027 -0.0813227 0.0195197 -0.0124436 -0.0126532
1010 1047.4 1 504 496
1.89523 1.73754 1053.28 1055.2 1053.28 1055.2 4 276 122 154 -0.0136921 -0.0601497 0.0142398 -0.0120178 -0.0103718
1020 1044.72 1 504 496
1.90255 1.75217 1049.99 1052.8 1049.99 1052.8 2 264 109 155 -0.0133455 -0.134788 0.04963 -0.0103897 -0.0109641
1030 1043.52 1 504 496
1.9125 1.75846 1048.03 1048.4 1048.03 1048.4 5 242 102 140 -0.00937829 -0.128875 0.0410867 -0.0122757 -0.0116015
1040 1043.58 1 503 497
1.92211 1.77679 1048.41 1051.6 1048.41 1051.6 1 258 106 152 -0.012844 -0.0710856 0.0171586 -0.0100427 -0.0112412
1050 1044.51 1 502 498
1.93563 1.78539 1051.45 1053.2 1051.45 1053.2 3 266 125 141 -0.0156272 -0.0532704 0.00677093 -0.0112632 -0.0124252
1060 1047.49 1 503 497
1.94325 1.80081 1051.42 1053.8 1051.42 1053.8 3 269 122 147 -0.0102348 -0.0586003 0.0117374 -0.012899 -0.00946582
1070 1051.1 1 502 498
1.96939 1.81781 1055.01 1055.4 1055.01 1055.4 1 277 131 146 -0.00821592 -0.0422323 0.00409881 -0.0109846 -0.00972338
1080 1054.06 1 502 498
1.98404 1.83554 1055.73 1056.8 1055.73 1056.8 5 284 135 149 -0.00441739 -0.0453489 0.0047842 -0.013471 -0.0095314
1090 1052.79 1 502 498
2.00052 1.86326 1058.17 1061.8 1058.17 1061.8 4 309 149 160 -0.0143905 -0.0583053 0.0126956 -0.0128051 -0.0100734
1100 1055.98 1 501 499
2.02417 1.87791 1060.46 1061.8 1060.46 1061.8 2 309 149 160 -0.0103059 -0.0383892 0.00415767 -0.011113 -0.010694
1110 1058.49 1 501 499
2.03267 1.89076 1061.04 1062.4 1061.04 1062.4 1 312 148 164 -0.00645327 -0.0709501 0.0236581 -0.0101854 -0.00872124
1120 1052.29 1 502 498
2.03797 1.89675 1056.59 1059 1056.59 1059 2 295 134 161 -0.0110115 -0.0505398 0.0128057 -0.00946715 -0.00926248
1130 1051.76 1 502 498
2.05203 1.90924 1056.79 1058 1056.79 1058 3 290 141 149 -0.0112617 -0.0652703 0.0149509 -0.0120802 -0.0106373
1140 1049.91 1 499 501
2.06129 1.92585 1054.62 1056.2 1054.62 1056.2 4 281 135 146 -0.0110082 -0.0348402 0.00177642 -0.00864961 -0.0115194
1150 1056.31 1 500 500
2.08932 1.96161 1061.18 1062.6 1061.18 1062.6 2 313 152 161 -0.011169 -0.0782722 0.0222044 -0.0117258 -0.0117875
1160 1054.29 1 502 498
2.09612 1.96968 1058.64 1059.2 1058.64 1059.2 2 296 141 155 -0.00926899 -0.0567187 0.0173512 -0.0080022 -0.00929762
1170 1052.59 1 503 497
2.12465 1.98805 1059.69 1061.8 1059.69 1061.8 3 309 141 168 -0.0163134 -0.0449687 0.00521146 -0.0118397 -0.0114562
1180 1059.33 1 500 500
2.14279 2.00849 1063.68 1065.8 1063.68 1065.8 0 329 153 176 -0.0108171 -0.0110851 -0.0100216 -0.00651614 -0.01428
1190 1062.53 1 501 499
2.16635 2.02488 1066.86 1070.2 1066.86 1070.2 1 351 163 188 -0.0120115 -0.0287487 0.00247241 -0.0084608 -0.00951491
1200 1066.08 1 501 499
2.18901 2.04321 1068.1 1070.2 1068.1 1070.2 1 351 168 183 -0.0061417 -0.0416417 0.00695723 -0.00953213 -0.0132043
1210 1059.84 1 502 498
2.19694 2.05152 1065.73 1068 1065.73 1068 0 340 163 177 -0.0140442 -0.0118926 -0.00948483 -0.012305 -0.00845019
1220 1060.85 1 501 499
2.21633 2.07195 1066.91 1071 1066.91 1071 3 355 177 178 -0.0162053 -0.010264 -0.013368 -0.0145127 -0.00991706
1230 1069.69 1 500 500
2.24012 2.10545 1073 1078.4 1073 1078.4 3 392 200 192 -0.0120258 -0.00782511 -0.0163206 -0.0150464 -0.0109174
1240 1073.37 1 499 501
2.263 2.11368 1077.09 1076.8 1077.09 1076.8 2 384 196 188 -0.0071545 -0.0735636 0.0347277 -0.0102646 -0.0108104
1250 1065.81 1 500 500
2.26163 2.1248 1071.28 1074.2 1071.28 1074.2 3 371 184 187 -0.013872 -0.0861651 0.0423437 -0.00969415 -0.00971051
1260 1064.55 1 499 501
2.27488 2.13788 1070.11 1071.6 1070.11 1071.6 1 358 170 188 -0.0126217 -0.0586767 0.0211748 -0.00656388 -0.0138352
1270 1063.29 1 502 498
2.28606 2.14836 1067.71 1068.8 1067.71 1068.8 0 344 168 176 -0.00992331 -0.0626207 0.02282 -0.00842877 -0.0119054
1280 1058.43 1 502 498
2.2907 2.16069 1062.06 1064.6 1062.06 1064.6 3 323 159 164 -0.00981007 -0.0516795 0.0146033 -0.0146914 -0.0055122
1290 1058.26 1 500 500
2.30718 2.1772 1061.64 1065.2 1061.64 1065.2 2 326 154 172 -0.0103142 -0.0578281 0.0190984 -0.00720484 -0.010447
1300 1054.48 1 500 500
2.31967 2.18989 1062.21 1062.2 1062.21 1062.2 1 311 156 155 -0.0154414 -0.0543989 0.0145406 -0.00981838 -0.011702
1310 1055.43 1 499 501
2.32317 2.20726 1057.75 1060 1057.75 1060 4 300 148 152 -0.00688435 -0.062363 0.017724 -0.0100585 -0.0113526
1320 1051.59 1 499 501
2.33421 2.21929 1056.84 1059 1056.84 1059 1 295 145 150 -0.0126561 -0.0944948 0.0301956 -0.00892777 -0.014213
1330 1048.79 1 500 500
2.34598 2.22605 1055.46 1055.4 1055.46 1055.4 1 277 142 135 -0.0132739 -0.0685561 0.0200325 -0.011023 -0.00897509
1340 1050.64 1 498 502
2.35853 2.25137 1055.4 1058.8 1055.4 1058.8 4 294 147 147 -0.0129267 -0.0401932 0.00428372 -0.00816178 -0.013228
1350 1056.47 1 500 500
2.38492 2.27459 1061.55 1063.8 1061.55 1063.8 1 319 152 167 -0.0123962 -0.0519951 0.011136 -0.0107655 -0.0107755
1360 1058.83 1 501 499
2.40954 2.29102 1063.56 1063.4 1063.56 1063.4 4 317 154 163 -0.00929432 -0.0885204 0.0341359 -0.00983981 -0.0119222
1370 1056.76 1 501 499
2.41235 2.29285 1060.76 1059.4 1060.76 1059.4 1 297 148 149 -0.00663171 -0.0467535 0.0102661 -0.0108323 -0.00957311
1380 1055.65 1 500 500
2.41503 2.30696 1058.28 1058.8 1058.28 1058.8 0 294 143 151 -0.00577272 -0.0425486 0.0108959 -0.0107646 -0.00549607
1390 1055.36 1 500 500
2.43661 2.32787 1059.28 1062.6 1059.28 1062.6 2 313 156 157 -0.0111592 -0.00254457 -0.0148296 -0.0120273 -0.00947465
1400 1062.26 1 499 501
2.46667 2.36612 1064.67 1068 1064.67 1068 0 340 169 171 -0.0081499 -0.0280177 -0.00194954 -0.00841101 -0.0142455
1410 1061.95 1 501 499
2.49214 2.3715 1066.58 1067 1066.58 1067 1 335 171 164 -0.00967933 -0.042562 0.00840822 -0.0135453 -0.00795669
1420 1065.38 1 499 501
2.50791 2.40277 1068.34 1071 1068.34 1071 4 355 169 186 -0.00858569 -0.0245366 -0.00406371 -0.00872588 -0.0147851
1430 1071.68 1 500 500
2.53442 2.43675 1075.86 1078.8 1075.86 1078.8 2 394 203 191 -0.0112934 0.0047551 -0.0223724 -0.0107164 -0.0120008
1440 1073.88 1 497 503
2.55636 2.4607 1078.64 1081.6 1078.64 1081.6 0 408 218 190 -0.012481 0.00737005 -0.0284083 -0.0168211 -0.0101249
1450 1080.96 1 495 505
2.59137 2.49676 1083.11 1086.8 1083.11 1086.8 3 434 236 198 -0.00799339 0.00458652 -0.0245803 -0.0115481 -0.011653
1460 1086 1 495 505
2.6374 2.52911 1090.09 1092.6 1090.09 1092.6 0 463 253 210 -0.0106877 0.00139644 -0.023793 -0.013971 -0.0116728
1470 1080.54 1 495 505
2.65837 2.53307 1085.27 1088.4 1085.27 1088.4 4 442 234 208 -0.0125862 -0.0274191 -0.000516443 -0.0109703 -0.0148282
1480 1084.88 1 496 504
2.68466 2.55866 1087.52 1093.2 1087.52 1093.2 0 466 255 211 -0.0109633 0.010132 -0.0307403 -0.0125191 -0.012017
1490 1083.2 1 493 507
2.70421 2.56344 1088.09 1089.6 1088.09 1089.6 0 448 233 215 -0.0112983 -0.0340997 0.0122264 -0.00516877 -0.0138041
1500 1084.53 1 495 505
2.73444 2.57545 1088.64 1089.4 1088.64 1089.4 1 447 236 211 -0.0089847 -0.0202676 -0.00533602 -0.0100893 -0.0141005
1510 1087.81 1 496 504
2.7581 2.59038 1089 1089.8 1089 1089.8 0 449 233 216 -0.00318075 -0.011776 -0.00793665 -0.00824709 -0.0111124
1520 1084.85 1 496 504
2.77578 2.60759 1087.48 1089.2 1087.48 1089.2 2 446 223 223 -0.00698837 -0.00517121 -0.0146567 -0.00571786 -0.0147586
1530 1083.65 1 497 503
2.78583 2.60614 1085.09 1085.4 1085.09 1085.4 5 427 220 207 -0.00319543 -0.0298714 0.00922899 -0.00479298 -0.0124409
1540 1080.97 1 499 501
2.80393 2.62025 1083.5 1084.4 1083.5 1084.4 2 422 216 206 -0.00596628 -0.0286752 0.00656336 -0.0084471 -0.00901209
1550 1078.77 1 498 502
2.81616 2.63624 1082.35 1083.8 1082.35 1083.8 2 419 219 200 -0.00860518 -0.0356661 0.0125323 -0.00870419 -0.00912617
1560 1069.05 1 500 500
2.82051 2.63183 1073.35 1074.8 1073.35 1074.8 4 374 187 187 -0.0100428 -0.0667174 0.0333037 -0.00928012 -0.00973056
1570 1070.15 1 498 502
2.83869 2.65067 1073.99 1075.4 1073.99 1075.4 1 377 184 193 -0.00909484 -0.0427059 0.0139429 -0.00612051 -0.012082
1580 1065.42 1 499 501
2.85249 2.65667 1070.5 1070.6 1070.5 1070.6 2 353 172 181 -0.0102625 -0.0524544 0.0194573 -0.00557289 -0.0131706
1590 1060.73 1 500 500
2.84853 2.66188 1065.91 1068.6 1065.91 1068.6 6 343 168 175 -0.0130461 -0.0689775 0.0280963 -0.0106979 -0.00940951
1600 1057.56 1 500 500
2.84851 2.66508 1061.1 1061.6 1061.1 1061.6 0 308 152 156 -0.00757413 -0.0728462 0.0284888 -0.00778354 -0.0102267
1610 1060.88 1 500 500
2.88128 2.69188 1066.2 1065.6 1066.2 1065.6 2 328 161 167 -0.0100523 -0.112072 0.0450741 -0.00954787 -0.0115634
1620 1055.02 1 500 500
2.87776 2.70033 1059.97 1062.8 1059.97 1062.8 1 314 154 160 -0.0127283 -0.11253 0.0457397 -0.0113634 -0.011428
1630 1051.62 1 502 498
2.89968 2.70299 1058.1 1060.8 1058.1 1060.8 2 304 139 165 -0.0156586 -0.0862318 0.0326248 -0.0104959 -0.00958994
1640 1048.59 1 502 498
2.89585 2.69817 1053.28 1054 1053.28 1054 1 270 119 151 -0.010096 -0.0946072 0.0352555 -0.00726226 -0.011068
1650 1051.11 1 504 496
2.91133 2.71086 1054.97 1055.2 1054.97 1055.2 0 276 118 158 -0.00796017 -0.0883856 0.0311505 -0.00749889 -0.00669683
1660 1041.83 1 503 497
2.90054 2.71009 1046.99 1049.8 1046.99 1049.8 3 249 110 139 -0.013138 -0.120898 0.0454072 -0.00872121 -0.00990027
1670 1041.91 1 502 498
2.90472 2.70661 1044.51 1044.6 1044.51 1044.6 4 223 100 123 -0.00529171 -0.0991203 0.0315813 -0.00888677 -0.00793429
1680 1032.34 1 503 497
2.89769 2.70442 1036.93 1038.4 1036.93 1038.4 1 192 84 108 -0.0106451 -0.103466 0.0299301 -0.0106322 -0.00685445
1690 1038.28 1 502 498
2.91922 2.72936 1041.34 1042.2 1041.34 1042.2 0 211 100 111 -0.00698226 -0.0924384 0.0245241 -0.00871853 -0.00725858
1700 1038.85 1 501 499
2.92977 2.75795 1040.85 1045.6 1040.85 1045.6 2 228 111 117 -0.00875613 -0.0926298 0.0247725 -0.00832313 -0.00858208
1710 1042.17 1 502 498
2.94561 2.79222 1043.47 1050.4 1043.47 1050.4 1 252 120 132 -0.00953054 -0.0330113 -0.00158603 -0.0145486 -0.00675606
1720 1048.68 1 501 499
2.99074 2.81478 1053.21 1056 1053.21 1056 1 280 127 153 -0.0118549 -0.0220723 -0.00748318 -0.0106252 -0.0132457
1730 1054.63 1 502 498
3.01848 2.84297 1059.52 1061.4 1059.52 1061.4 1 307 145 162 -0.011651 -0.0515296 0.00943223 -0.011236 -0.0102523
1740 1053.61 1 502 498
3.0305 2.85741 1060.3 1059.2 1060.3 1059.2 0 296 142 154 -0.0122866 -0.0754262 0.0264757 -0.00647281 -0.0121335
1750 1057.78 1 502 498
3.04443 2.88306 1061.59 1064.8 1061.59 1064.8 1 324 148 176 -0.0108264 -0.0427078 0.00794212 -0.0102739 -0.00969966
1760 1060.64 1 501 499
3.07278 2.90892 1065.09 1067 1065.09 1067 2 335 164 171 -0.010817 -0.0499356 0.0117269 -0.0123731 -0.00880241
1770 1058.2 1 502 498
3.06897 2.91249 1062.11 1063.4 1062.11 1063.4 2 317 157 160 -0.00910162 -0.09821 0.0411195 -0.0128865 -0.00572042
1780 1051.57 1 502 498
3.05313 2.90522 1054.71 1055 1054.71 1055 0 275 134 141 -0.00655862 -0.092361 0.039611 -0.00628936 -0.00846133
1790 1048.01 1 501 499
3.04581 2.91935 1049.55 1053 1049.55 1053 1 265 134 131 -0.00652879 -0.0983811 0.0345766 -0.0103041 -0.00802433
1800 1040.44 1 502 498
3.05952 2.91317 1045.75 1046.8 1045.75 1046.8 4 234 116 118 -0.0116746 -0.101336 0.0336219 -0.00779827 -0.00755104
1810 1038.31 1 501 499
3.06113 2.90981 1043.78 1041.6 1043.78 1041.6 1 208 103 105 -0.00874834 -0.125703 0.0434973 -0.00815309 -0.00942064
1820 1035.28 1 498 502
3.0549 2.92922 1039.32 1042.4 1039.32 1042.4 2 212 102 110 -0.0111535 -0.112695 0.0365124 -0.00355868 -0.0146872
1830 1041.62 1 499 501
3.08815 2.94668 1046.77 1046 1046.77 1046 1 230 106 124 -0.00952249 -0.157008 0.05083 -0.00547336 -0.0117374
1840 1039.27 1 500 500
3.08917 2.94625 1043.76 1042.6 1043.76 1042.6 1 213 112 101 -0.00782267 -0.172608 0.0604186 -0.00786661 -0.00924803
1850 1036.61 1 501 499
3.07978 2.94286 1038.65 1039.4 1038.65 1039.4 2 197 83 114 -0.00482301 -0.142472 0.0499684 -0.00780684 -0.00733485
1860 1032.23 1 502 498
3.0786 2.95024 1035.46 1037.8 1035.46 1037.8 2 189 80 109 -0.00881239 -0.10159 0.025306 -0.00843091 -0.00897584
1870 1039.15 1 502 498
3.10912 2.9774 1041.4 1044.8 1041.4 1044.8 1 224 101 123 -0.00791094 -0.0991944 0.0245874 -0.00846078 -0.0084639
1880 1040.08 1 502 498
3.11933 2.99144 1044.06 1045.2 1044.06 1045.2 0 226 105 121 -0.00910084 -0.0660886 0.01715 -0.00894657 -0.00366835
1890 1045.56 1 501 499
3.14014 3.01426 1047.08 1048.2 1047.08 1048.2 1 241 113 128 -0.00415666 -0.038215 0.00539356 -0.00932962 -0.00621037
1900 1043.51 1 501 499
3.14924 3.03366 1047.86 1050.6 1047.86 1050.6 0 253 111 142 -0.0114453 -0.0426971 0.00739079 -0.00562612 -0.00874968
1910 1049.02 1 502 498
3.17221 3.04672 1051.26 1051.4 1051.26 1051.4 0 257 112 145 -0.00461544 -0.0700779 0.0216381 -0.00477195 -0.00809534
1920 1047.49 1 503 497
3.17771 3.06346 1049.64 1050.6 1049.64 1050.6 2 253 111 142 -0.0052591 -0.0405695 0.00837215 -0.00650692 -0.0072931
1930 1048.56 1 503 497
3.19386 3.08003 1051.39 1053.8 1051.39 1053.8 0 269 119 150 -0.00807065 -0.0787072 0.0243141 -0.00865974 -0.0071946
1940 1044.7 1 503 497
3.19689 3.08582 1048.12 1050.4 1048.12 1050.4 2 252 119 133 -0.00911256 -0.0966202 0.0329452 -0.00987488 -0.00818642
1950 1048.92 1 501 499
3.22371 3.10483 1052.57 1054.8 1052.57 1054.8 0 274 130 144 -0.00953524 -0.0968625 0.0345564 -0.00838516 -0.00792348
1960 1048.45 1 501 499
3.23056 3.10834 1050.51 1051.6 1050.51 1051.6 3 258 113 145 -0.00520217 -0.086559 0.0293087 -0.0061363 -0.0105691
1970 1048.59 1 501 499
3.25589 3.13034 1053.56 1054 1053.56 1054 1 270 113 157 -0.0103686 -0.0691572 0.0194878 -0.00282531 -0.0146009
1980 1055.65 1 503 497
3.28197 3.15664 1058.16 1059.2 1058.16 1059.2 0 296 130 166 -0.00606727 -0.0806066 0.0260119 -0.00832853 -0.00938461
1990 1049.83 1 505 495
3.28805 3.15823 1054.71 1056.4 1054.71 1056.4 3 282 125 157 -0.0114579 -0.0808951 0.0265866 -0.0111324 -0.00528411
2000 1048.77 1.5 503 497
2.20398 4.22947 1056.35 2110.4 1056.35 1055.2 1 276 122 154 -0.020424 -0.112927 0.0426444 -0.00931209 -0.00775245
2010 1041.43 1.5 499 501
2.18539 4.22827 1045.06 2094.8 1045.06 1047.4 2 237 92 145 -0.0155787 -0.116618 0.038806 -0.616827 0.588516
2020 1040.93 1.5 496 504
2.1838 4.22621 1043.16 2087.2 1043.16 1043.6 1 218 83 135 -0.00756628 -0.0909694 0.0216964 -0.668378 0.636884
2030 1045.76 1.5 492 508
2.19872 4.28817 1048.44 2102.8 1048.44 1051.4 4 257 113 144 -0.0139553 -0.0442874 -0.00447196 -0.676768 0.623685
2040 1046.92 1.5 487 513
2.21212 4.32332 1050.97 2110 1050.97 1055 3 275 117 158 -0.0202031 -0.00958182 -0.0211305 -0.671898 0.603679
2050 1050.5 1.5 481 519
2.21996 4.35708 1053.92 2110.4 1053.92 1055.2 3 276 110 166 -0.0128283 -0.130462 0.0430031 -0.648155 0.576268
2060 1048.37 1.5 476 524
2.2176 4.38728 1052.11 2107.6 1052.11 1053.8 7 269 116 153 -0.0146157 -0.0758021 0.0123451 -0.63934 0.546971
2070 1047.06 1.5 473 527
2.22387 4.40187 1050.01 2105.6 1050.01 1052.8 3 264 101 163 -0.0144192 -0.0684017 0.00763926 -0.624043 0.52696
2080 1059.84 1.5 469 531
2.25547 4.46552 1063.38 2126 1063.38 1063 4 315 136 179 -0.00984668 -0.063247 0.0110606 -0.623946 0.523085
2090 1057.44 1.5 465 535
2.25813 4.50305 1062.16 2131.2 1062.16 1065.6 2 328 139 189 -0.0210261 -0.0100209 -0.0191232 -0.607203 0.498017
2100 1066.11 1.5 459 541
2.27802 4.55194 1070.55 2143.2 1070.55 1071.6 2 358 152 206 -0.0154057 -0.0513989 0.000651075 -0.59701 0.472318
2110 1060.52 1.5 454 546
2.27873 4.55866 1066.35 2130.4 1066.35 1065.2 2 326 128 198 -0.0151914 -0.0314667 -0.00733334 -0.576755 0.446852
2120 1055.69 1.5 453 547
2.27386 4.57357 1059.2 2125.6 1059.2 1062.8 7 314 115 199 -0.0177391 -0.0408092 -0.00161091 -0.557331 0.43224
2130 1061.59 1.5 451 549
2.29917 4.61946 1064.06 2136 1064.06 1068 2 340 130 210 -0.015295 0.00354583 -0.0312787 -0.555418 0.421627
2140 1064.6 1.5 447 553
2.31462 4.65756 1068.61 2142.8 1068.61 1071.4 0 357 145 212 -0.0176215 -0.0690772 0.0128793 -0.548511 0.410937
2150 1060.28 1.5 439 561
2.30463 4.66501 1063.19 2131.2 1063.19 1065.6 4 328 131 197 -0.0135522 -0.0498056 0.00547034 -0.529389 0.386375
2160 1054.41 1.5 436 564
2.29965 4.66484 1057.67 2121.2 1057.67 1060.6 4 303 104 199 -0.015642 -0.100479 0.0286557 -0.500808 0.35805
2170 1055.91 1.5 435 565
2.31682 4.69561 1060.91 2122.4 1060.91 1061.2 2 306 108 198 -0.0155982 -0.0389972 -6.43909e-05 -0.490159 0.352665
2180 1054.18 1.5 433 567
2.32185 4.70628 1058.63 2117.6 1058.63 1058.8 0 294 113 181 -0.013689 -0.137294 0.0509625 -0.486794 0.346419
2190 1045 1.5 430 570
2.30801 4.69904 1048.87 2102.8 1048.87 1051.4 5 257 97 160 -0.0166643 -0.160819 0.057319 -0.488963 0.337013
2200 1038.24 1.5 428 572
2.30393 4.69787 1044.43 2093.2 1044.43 1046.6 0 233 76 157 -0.0229132 -0.192794 0.0720559 -0.464388 0.321116
2210 1037.13 1.5 427 573
2.30897 4.71026 1042.26 2084.8 1042.26 1042.4 1 212 60 152 -0.0156656 -0.142261 0.0409505 -0.449576 0.306092
2220 1039.77 1.5 425 575
2.31789 4.7638 1043.88 2093.6 1043.88 1046.8 1 234 70 164 -0.0181537 -0.0799385 0.00870962 -0.440339 0.297293
2230 1040.8 1.5 422 578
2.3226 4.78501 1045.23 2088 1045.23 1044 1 220 68 152 -0.0108324 -0.134214 0.0371381 -0.423489 0.283284
2240 1043.01 1.5 420 580
2.33067 4.82787 1045.72 2094.8 1045.72 1047.4 3 237 79 158 -0.0114869 -0.0974264 0.0193134 -0.429352 0.282417
2250 1040.22 1.5 418 582
2.33092 4.84179 1044.2 2091.2 1044.2 1045.6 2 228 67 161 -0.014746 -0.134464 0.0345457 -0.416708 0.275299
2260 1040.42 1.5 415 585
2.32817 4.85354 1042.34 2088.8 1042.34 1044.4 1 222 68 154 -0.00988905 -0.13707 0.0391944 -0.401751 0.263116
2270 1034.12 1.5 413 587
2.32376 4.8496 1038.52 2078.4 1038.52 1039.2 2 196 56 140 -0.014569 -0.131165 0.0342367 -0.394672 0.252884
2280 1034.6 1.5 409 591
2.3263 4.87819 1035.64 2080.4 1035.64 1040.2 4 201 58 143 -0.012224 -0.150452 0.0364433 -0.383361 0.239686
2290 1031.01 1.5 408 592
2.33801 4.88607 1036.52 2077.2 1036.52 1038.6 4 193 58 135 -0.0206777 -0.19408 0.0511717 -0.375917 0.230566
2300 1032.55 1.5 406 594
2.34871 4.89837 1036.23 2077.2 1036.23 1038.6 1 193 54 139 -0.0157879 -0.128153 0.0273716 -0.365767 0.225128
2310 1038.3 1.5 403 597
2.36463 4.93759 1041.06 2082.8 1041.06 1041.4 2 207 66 141 -0.00897401 -0.15003 0.0324564 -0.361957 0.214947
2320 1036.42 1.5 403 597
2.36532 4.96048 1038.67 2082 1038.67 1041 5 205 58 147 -0.011403 -0.0898478 0.0158103 -0.352868 0.215483
2330 1035.47 1.5 402 598
2.37082 4.98646 1039.57 2084.8 1039.57 1042.4 4 212 59 153 -0.0179736 -0.124726 0.0283536 -0.347134 0.209864
2340 1037.27 1.5 398 602
2.37881 5.01226 1041.89 2087.6 1041.89 1043.8 2 219 57 162 -0.0176972 -0.0785505 0.00696955 -0.334245 0.1942
2350 1039.59 1.5 395 605
2.39073 5.05138 1044.01 2097.2 1044.01 1048.6 0 243 59 184 -0.0224274 -0.121174 0.0281886 -0.316726 0.184995
2360 1040.15 1.5 393 607
2.39748 5.08054 1044.45 2098 1044.45 1049 0 245 58 187 -0.0219868 -0.150448 0.0410466 -0.300705 0.167353
2370 1041.94 1.5 391 609
2.40863 5.13039 1046.96 2104.4 1046.96 1052.2 4 261 77 184 -0.0255433 -0.0375233 -0.00621334 -0.300339 0.166637
2380 1050.38 1.5 389 611
2.42935 5.18478 1053.48 2112.8 1053.48 1056.4 0 282 91 191 -0.0151382 -0.0248745 -0.00919473 -0.297361 0.166391
2390 1057.6 1.5 388 612
2.45643 5.23448 1060.61 2123.6 1060.61 1061.8 2 309 99 210 -0.0114186 -0.0763076 0.0177583 -0.297951 0.167499
2400 1050.4 1.5 386 614
2.45226 5.23466 1056.69 2110.4 1056.69 1055.2 2 276 81 195 -0.0158963 -0.152505 0.0646774 -0.282607 0.155311
2410 1046.7 1.5 384 616
2.44562 5.24358 1052.18 2105.6 1052.18 1052.8 1 264 79 185 -0.0176725 -0.107599 0.0362047 -0.264955 0.145969
2420 1039.29 1.5 384 616
2.42977 5.2458 1044.62 2098 1044.62 1049 2 245 69 176 -0.0247364 -0.162168 0.0597991 -0.264773 0.144299
2430 1042.88 1.5 382 618
2.43875 5.26096 1045.64 2095.2 1045.64 1047.6 4 238 67 171 -0.0121896 -0.164484 0.0471143 -0.262459 0.133354
2440 1039.34 1.5 380 620
2.43574 5.25766 1043.1 2088.8 1043.1 1044.4 0 222 54 168 -0.0138736 -0.168205 0.0532894 -0.237427 0.125497
2450 1039.62 1.5 378 622
2.43663 5.26793 1042.39 2089.6 1042.39 1044.8 1 224 51 173 -0.013129 -0.164133 0.0523974 -0.225735 0.117335
2460 1031.39 1.5 375 625
2.42321 5.28956 1036.09 2087.2 1036.09 1043.6 3 218 53 165 -0.0291264 -0.176685 0.0558446 -0.228505 0.111492
2470 1036.39 1.5 375 625
2.44661 5.29172 1042.3 2084.4 1042.3 1042.2 1 211 46 165 -0.0175479 -0.149285 0.0345331 -0.219948 0.106048
2480 1039.49 1.5 374 626
2.45024 5.31795 1042.97 2087.6 1042.97 1043.8 1 219 47 172 -0.0121031 -0.202522 0.0647442 -0.208744 0.100055
2490 1032.01 1.5 371 629
2.43443 5.29325 1034.62 2069.6 1034.62 1034.8 4 174 44 130 -0.00818417 -0.149448 0.0462209 -0.201764 0.0963654
2500 1027.26 1.5 371 629
2.43542 5.31075 1031.84 2068.8 1031.84 1034.4 1 172 39 133 -0.0188528 -0.163169 0.0470899 -0.195047 0.0958486
2510 1033.7 1.5 364 636
2.44888 5.35742 1036.57 2073.6 1036.57 1036.8 2 184 41 143 -0.00907601 -0.242078 0.0667544 -0.170669 0.0729869
2520 1030.14 1.5 362 638
2.4436 5.36111 1031.88 2066.4 1031.88 1033.2 4 166 49 117 -0.00787032 -0.279786 0.0943739 -0.162978 0.073841
2530 1024.16 1.5 361 639
2.43725 5.35679 1027.44 2056.8 1027.44 1028.4 1 142 29 113 -0.0117651 -0.213489 0.0597891 -0.155095 0.0695662
2540 1020.66 1.5 358 642
2.42743 5.35525 1023.46 2050.4 1023.46 1025.2 2 126 21 105 -0.011878 -0.248349 0.0661355 -0.135852 0.0577768
2550 1027.92 1.5 356 644
2.44878 5.40285 1030.19 2063.6 1030.19 1031.8 1 159 25 134 -0.0100208 -0.227122 0.0539815 -0.124474 0.0439432
2560 1026.78 1.5 356 644
2.45327 5.43475 1030.6 2068.8 1030.6 1034.4 1 172 36 136 -0.0190557 -0.166625 0.0287014 -0.118579 0.0430876
2570 1030.41 1.5 356 644
2.46766 5.46601 1033.51 2074 1033.51 1037 3 185 43 142 -0.0162699 -0.113256 0.0223029 -0.122016 0.0490369
2580 1033.98 1.5 354 646
2.48631 5.52138 1037.23 2083.6 1037.23 1041.8 4 209 39 170 -0.0188935 -0.19756 0.0489114 -0.116879 0.0390374
2590 1040.1 1.5 354 646
2.50507 5.55191 1042.73 2086.4 1042.73 1043.2 0 216 55 161 -0.00882423 -0.148891 0.0378378 -0.112183 0.0399794
2600 1033.99 1.5 352 648
2.50223 5.58308 1038.52 2088.4 1038.52 1044.2 3 221 59 162 -0.0249523 -0.0321531 -0.00830857 -0.110285 0.0364519
2610 1045.46 1.5 350 650
2.53415 5.64061 1049.19 2102.8 1049.19 1051.4 1 257 78 179 -0.0156154 -0.0562485 0.00327623 -0.107217 0.0372226
2620 1048.64 1.5 350 650
2.54233 5.672 1052.22 2107.6 1052.22 1053.8 0 269 84 185 -0.01389 -0.0674221 0.0117857 -0.10326 0.0343733
2630 1047.44 1.5 347 653
2.54231 5.69335 1051.15 2106.4 1051.15 1053.2 4 266 80 186 -0.0152394 -0.114127 0.0365115 -0.0933209 0.028454
2640 1045.52 1.5 346 654
2.53419 5.6949 1048.31 2098.4 1048.31 1049.2 3 246 77 169 -0.0101533 -0.157225 0.0545689 -0.0865068 0.0216891
2650 1037.78 1.5 344 656
2.52752 5.69717 1043.54 2089.6 1043.54 1044.8 3 224 57 167 -0.0198125 -0.115859 0.0349181 -0.0762423 0.01943
2660 1044.78 1.5 343 657
2.53962 5.75528 1048.14 2101.2 1048.14 1050.6 2 253 69 184 -0.0149972 -0.156198 0.0492513 -0.0572445 0.00853562
2670 1042.46 1.5 342 658
2.54039 5.77361 1047.37 2096.4 1047.37 1048.2 1 241 62 179 -0.0163864 -0.172886 0.0534823 -0.0455349 1.94644e-05
2680 1037.38 1.5 342 658
2.53226 5.77052 1041.56 2086.4 1041.56 1043.2 0 216 54 162 -0.0158211 -0.128068 0.0409605 -0.0413329 0.00178743
2690 1038.81 1.5 341 659
2.54449 5.81948 1044.8 2096.4 1044.8 1048.2 0 241 58 183 -0.024775 -0.0890427 0.0153242 -0.038494 -0.00307204
2700 1043.45 1.5 339 661
2.54972 5.83031 1045.99 2094 1045.99 1047 1 235 61 174 -0.00963939 -0.123376 0.0359816 -0.0276497 -0.00419232
2710 1044.44 1.5 337 663
2.55689 5.87601 1046.64 2099.6 1046.64 1049.8 3 249 67 182 -0.0129271 -0.0799898 0.0154766 -0.0227374 -0.0104567
2720 1050.32 1.5 336 664
2.57467 5.93002 1053.4 2110.8 1053.4 1055.4 2 277 78 199 -0.0132388 -0.0282978 -0.00528223 -0.0135229 -0.0117189
2730 1049.21 1.5 335 665
2.57931 5.95545 1052.94 2111.6 1052.94 1055.8 1 279 83 196 -0.0169014 -0.104882 0.0329529 -0.0149588 -0.0106884
2740 1049.71 1.5 335 665
2.58786 5.94517 1052.66 2102.8 1052.66 1051.4 2 257 64 193 -0.00632927 -0.10047 0.0343251 0.00156853 -0.0158617
2750 1040.04 1.5 336 664
2.58128 5.9399 1044.43 2096.8 1044.43 1048.4 3 242 66 176 -0.021101 -0.119797 0.0358676 -0.0133777 -0.0135287
2760 1045.41 1.5 335 665
2.59727 5.98116 1048.35 2104 1048.35 1052 4 260 74 186 -0.0161293 -0.0746302 0.0143497 -0.0164186 -0.0131016
2770 1050.56 1.5 336 664
2.62774 6.01175 1053.15 2109.2 1053.15 1054.6 7 273 75 198 -0.0106777 -0.143575 0.0506716 -0.0162 -0.00909203
2780 1044.29 1.5 338 662
2.62757 5.99213 1048.18 2094.4 1048.18 1047.2 3 236 67 169 -0.00972076 -0.16233 0.0611576 -0.0212379 -0.00986773
2790 1040.26 1.5 337 663
2.61848 6.0122 1042.81 2090.8 1042.81 1045.4 1 227 69 158 -0.0128383 -0.168065 0.0609169 -0.0250812 -0.00588967
2800 1038.81 1.5 336 664
2.62961 6.00214 1041.44 2084.4 1041.44 1042.2 2 211 52 159 -0.00939246 -0.174262 0.0626918 -0.010404 -0.0113041
2810 1030.01 1.5 338 662
2.61554 5.97757 1032.17 2070 1032.17 1035 4 175 40 135 -0.0121258 -0.178687 0.0676935 -0.0138822 -0.00826357
2820 1038.32 1.5 337 663
2.64389 6.02949 1040.89 2085.6 1040.89 1042.8 1 214 56 158 -0.0115392 -0.200544 0.0638322 -0.0171032 -0.0106685
2830 1031.61 1.5 336 664
2.63647 6.01513 1036.12 2074.8 1036.12 1037.4 6 187 49 138 -0.0160907 -0.140873 0.0378848 -0.0154966 -0.0102134
2840 1037.45 1.5 336 664
2.65126 6.0511 1039.78 2082.8 1039.78 1041.4 4 207 47 160 -0.0102447 -0.23156 0.0663994 -0.00858144 -0.0136678
2850 1036.72 1.5 335 665
2.65387 6.08169 1038.91 2083.6 1038.91 1041.8 1 209 54 155 -0.0123465 -0.196455 0.0553702 -0.00754675 -0.0166943
2860 1037.67 1.5 337 663
2.66984 6.09776 1040.55 2085.2 1040.55 1042.6 0 213 49 164 -0.0127241 -0.170997 0.0532127 -0.00843996 -0.0138581
2870 1040.68 1.5 339 661
2.69199 6.13171 1044.09 2092.8 1044.09 1046.4 1 232 54 178 -0.0148527 -0.169698 0.0504854 -0.0173732 -0.00998103
2880 1037.21 1.5 338 662
2.69435 6.12019 1040.75 2080.8 1040.75 1040.4 2 202 41 161 -0.00991799 -0.210422 0.070811 -0.0114399 -0.0146408
2890 1028.09 1.5 339 661
2.67746 6.08965 1032.16 2064.8 1032.16 1032.4 5 162 41 121 -0.0126897 -0.201171 0.059148 -0.0261038 -0.00621949
2900 1026.47 1.5 336 664
2.6663 6.11047 1029.36 2064.4 1029.36 1032.2 1 161 33 128 -0.0143361 -0.163034 0.0438253 -0.0201768 -0.00946036
2910 1035.73 1.5 335 665
2.69383 6.16838 1037.63 2078 1037.63 1039 2 195 53 142 -0.00843761 -0.269627 0.0688288 -0.0127365 -0.017321
2920 1037.71 1.5 337 663
2.70907 6.20522 1040.62 2087.6 1040.62 1043.8 0 219 53 166 -0.0150755 -0.237304 0.0721456 -0.0183574 -0.00973948
2930 1027.51 1.5 338 662
2.69699 6.16878 1032.99 2070 1032.99 1035 0 175 41 134 -0.0204514 -0.205877 0.0674851 -0.0103034 -0.0133748
2940 1028.84 1.5 339 661
2.70094 6.19364 1031.63 2072.8 1031.63 1036.4 0 182 46 136 -0.0179122 -0.253721 0.0844677 -0.0281049 -0.00668318
2950 1027.04 1.5 339 661
2.70568 6.16599 1030.6 2060.8 1030.6 1030.4 1 152 45 107 -0.0102861 -0.287522 0.0926801 -0.0296644 -0.00390249
2960 1024.43 1.5 338 662
2.69813 6.18413 1026.16 2061.6 1026.16 1030.8 0 154 42 112 -0.0144639 -0.199481 0.0623411 -0.0323835 -0.00161734
2970 1032.15 1.5 335 665
2.72198 6.22764 1033.58 2066 1033.58 1033 1 165 26 139 -0.00313168 -0.230144 0.0590351 -0.00709061 -0.0207159
2980 1032.34 1.5 336 664
2.72997 6.2828 1034.54 2082 1034.54 1041 5 205 49 156 -0.0195233 -0.254812 0.0706987 -0.00639142 -0.017751
2990 1032.78 1.5 338 662
2.74084 6.2957 1035.42 2080.8 1035.42 1040.4 4 202 39 163 -0.0178874 -0.199536 0.0554342 -0.0154849 -0.0146583
3000 1031.46 1.5 337 663
2.74928 6.28478 1035.08 2072.4 1035.08 1036.2 3 181 44 137 -0.013112 -0.176218 0.053603 -0.0193241 -0.00881341
3010 1029.84 1.5 334 666
2.7455 6.2964 1032.53 2070 1032.53 1035 2 175 55 120 -0.0130061 -0.194967 0.0580747 -0.00517716 -0.0131687
3020 1028.81 1.5 334 666
2.74888 6.31149 1031.92 2068 1031.92 1034 2 170 50 120 -0.0134951 -0.132666 0.0292465 -0.0191811 -0.00967612
3030 1027.96 1.5 335 665
2.76297 6.33633 1031.12 2071.2 1031.12 1035.6 7 178 53 125 -0.0184476 -0.186154 0.0492483 -0.0194057 -0.00961969
3040 1033.92 1.5 336 664
2.7861 6.3763 1035.08 2079.2 1035.08 1039.6 1 198 46 152 -0.0125133 -0.184109 0.0424384 -0.0174773 -0.0152688
3050 1032.98 1.5 337 663
2.79978 6.37425 1034.43 2074.8 1034.43 1037.4 3 187 50 137 -0.0102734 -0.199095 0.0494352 -0.0211207 -0.0102899
3060 1031.48 1.5 337 663
2.80917 6.39043 1034.73 2074 1034.73 1037 1 185 48 137 -0.0143026 -0.117601 0.0290089 -0.0202234 -0.00655649
3070 1036.27 1.5 336 664
2.82185 6.42265 1037.85 2078.8 1037.85 1039.4 4 197 45 152 -0.00783999 -0.173619 0.0448019 -0.0224889 -0.00963392
3080 1030.83 1.5 336 664
2.81632 6.41645 1033.66 2069.2 1033.66 1034.6 1 173 41 132 -0.0103687 -0.169219 0.0436259 -0.0148831 -0.0171623
3090 1031.22 1.5 337 663
2.82453 6.44067 1033.51 2073.2 1033.51 1036.6 1 183 48 135 -0.0130527 -0.155746 0.0333445 -0.0185963 -0.0129812
3100 1032.97 1.5 335 665
2.83243 6.45942 1035.45 2075.2 1035.45 1037.6 1 188 48 140 -0.0117243 -0.136815 0.0349298 -0.00616858 -0.0138393
3110 1034.79 1.5 337 663
2.8479 6.50186 1037.24 2082.8 1037.24 1041.4 2 207 51 156 -0.0156783 -0.179993 0.0475275 -0.0169917 -0.0109605
3120 1035.82 1.5 336 664
2.8634 6.52145 1039.46 2082.8 1039.46 1041.4 2 207 49 158 -0.0148099 -0.199177 0.0573502 -0.0132404 -0.0143307
3130 1036.76 1.5 335 665
2.8683 6.54141 1039.4 2082.4 1039.4 1041.2 1 206 52 154 -0.0115125 -0.205125 0.0611462 -0.0125215 -0.0110544
3140 1034.01 1.5 336 664
2.86568 6.55083 1035.67 2079.6 1035.67 1039.8 1 199 50 149 -0.0132358 -0.179544 0.0549312 -0.0122867 -0.0109894
3150 1038.85 1.5 338 662
2.89961 6.59364 1042.21 2088 1042.21 1044 4 220 50 170 -0.0136681 -0.207514 0.0591404 -0.0198194 -0.00968867
3160 1043.11 1.5 339 661
2.9135 6.63585 1045.62 2093.6 1045.62 1046.8 0 234 55 179 -0.00989533 -0.0982064 0.0279751 -0.0166171 -0.00699651
3170 1034.24 1.5 339 661
2.90089 6.6109 1040.21 2079.2 1040.21 1039.6 4 198 43 155 -0.0166779 -0.138876 0.0421874 -0.0233838 -0.00608708
3180 1035.21 1.5 339 661
2.89872 6.61909 1037.09 2078 1037.09 1039 4 195 44 151 -0.00944571 -0.160264 0.0474612 -0.0249025 -0.00467603
3190 1031.86 1.5 339 661
2.90457 6.62363 1036.59 2072.8 1036.59 1036.4 2 182 40 142 -0.0138137 -0.171098 0.0505106 -0.025511 -0.00504487
3200 1032.56 1.5 338 662
2.91191 6.66585 1037.39 2079.6 1037.39 1039.8 2 199 52 147 -0.0193169 -0.15053 0.0375239 -0.0209732 -0.00618315
3210 1039 1.5 337 663
2.92833 6.7001 1041.06 2085.2 1041.06 1042.6 1 213 47 166 -0.00926791 -0.0984885 0.0196355 -0.00796881 -0.0126565
3220 1041.56 1.5 338 662
2.94126 6.73927 1042.4 2094.4 1042.4 1047.2 1 236 56 180 -0.0121181 -0.118479 0.027511 -0.0188205 -0.0123458
3230 1036.36 1.5 339 661
2.93637 6.70604 1038.23 2081.2 1038.23 1040.6 4 203 43 160 -0.0103485 -0.128054 0.0306831 -0.021362 -0.0101062
3240 1040.06 1.5 339 661
2.94896 6.73553 1041.43 2085.2 1041.43 1042.6 0 213 49 164 -0.00644902 -0.0937753 0.0226781 -0.0186211 -0.00599944
3250 1032.88 1.5 336 664
2.94293 6.72658 1037.86 2073.2 1037.86 1036.6 0 183 52 131 -0.0124127 -0.164489 0.0479773 -0.0162302 -0.0110464
3260 1040.74 1.5 336 664
2.97653 6.80242 1045.2 2092.8 1045.2 1046.4 2 232 58 174 -0.0157745 -0.145348 0.0385786 -0.0159504 -0.0113807
3270 1030.23 1.5 337 663
2.95448 6.74679 1034.32 2072.4 1034.32 1036.2 0 181 47 134 -0.0160232 -0.184608 0.0590023 -0.0128895 -0.00990497
3280 1029.48 1.5 338 662
2.95306 6.77349 1033.09 2072.4 1033.09 1036.2 1 181 53 128 -0.0170574 -0.14066 0.0461065 -0.0200151 -0.00477097
3290 1032.68 1.5 335 665
2.96336 6.82148 1036.07 2080.4 1036.07 1040.2 1 201 58 143 -0.0184401 -0.142459 0.0364279 -0.0159161 -0.00956497
3300 1031.7 1.5 333 667
2.96245 6.813 1033.83 2069.2 1033.83 1034.6 0 173 56 117 -0.00793991 -0.16869 0.0428515 -0.0105063 -0.0136038
3310 1031.96 1.5 334 666
2.97389 6.83745 1034.73 2072.8 1034.73 1036.4 1 182 53 129 -0.0116364 -0.147597 0.038166 -0.0106059 -0.0118472
3320 1034.92 1.5 336 664
2.99183 6.86404 1037.44 2076.8 1037.44 1038.4 1 192 45 147 -0.00947711 -0.171511 0.0474692 -0.00985676 -0.0125657
3330 1034.22 1.5 336 664
3.00778 6.89071 1039.15 2078.4 1039.15 1039.2 2 196 51 145 -0.0149001 -0.101792 0.021628 -0.0100528 -0.0121546
3340 1031.42 1.5 337 663
2.99599 6.8904 1034.19 2075.2 1034.19 1037.6 1 188 46 142 -0.0151179 -0.12145 0.0278029 -0.0168748 -0.00846841
3350 1035.14 1.5 335 665
3.0056 6.94087 1038.48 2082 1038.48 1041 3 205 52 153 -0.015074 -0.141531 0.0351163 -0.00497961 -0.0158751
3360 1036.36 1.5 337 663
3.01705 6.96143 1038.7 2086.8 1038.7 1043.4 2 217 50 167 -0.0164199 -0.190523 0.0522327 -0.0181866 -0.0126641
3370 1040.53 1.5 336 664
3.04265 6.99128 1045.56 2089.6 1045.56 1044.8 1 224 58 166 -0.0135545 -0.209983 0.0637657 -0.0179099 -0.0128065
3380 1037.46 1.5 337 663
3.03204 6.97652 1038.68 2079.6 1038.68 1039.8 0 199 63 136 -0.00589543 -0.164678 0.0549129 -0.0172558 -0.00445443
3390 1039.85 1.5 336 664
3.04366 7.00203 1040.59 2083.2 1040.59 1041.6 0 208 41 167 -0.00424757 -0.224084 0.0754661 -0.0158056 -0.00872457
3400 1029.05 1.5 337 663
3.0303 6.98478 1031.25 2070.8 1031.25 1035.4 1 177 37 140 -0.0148983 -0.166624 0.0516675 -0.0118536 -0.0111979
3410 1032.18 1.5 338 662
3.0541 6.99468 1036.55 2069.2 1036.55 1034.6 1 173 38 135 -0.00921131 -0.258988 0.0756897 -0.0120984 -0.0144714
3420 1035.04 1.5 339 661
3.07169 7.04087 1039.15 2080 1039.15 1040 4 200 36 164 -0.0140229 -0.239563 0.0691937 -0.0216706 -0.0107913
3430 1028.84 1.5 338 662
3.05561 7.00808 1032.87 2065.6 1032.87 1032.8 1 164 34 130 -0.0119407 -0.224082 0.0660235 -0.00753362 -0.0116735
3440 1028.61 1.5 338 662
3.05526 7.04709 1030.13 2069.6 1030.13 1034.8 3 174 38 136 -0.0139097 -0.216168 0.0631423 -0.0251854 -0.00778749
3450 1029.57 1.5 338 662
3.06121 7.06384 1031.22 2067.2 1031.22 1033.6 4 168 27 141 -0.00972217 -0.201249 0.0574065 -0.0076084 -0.0133208
3460 1030.65 1.5 337 663
3.08145 7.10207 1034.66 2073.6 1034.66 1036.8 1 184 46 138 -0.0163108 -0.151821 0.0380975 -0.0148303 -0.0100505
3470 1035.63 1.5 336 664
3.09627 7.13628 1037.08 2078 1037.08 1039 2 195 49 146 -0.00818989 -0.15744 0.0361181 -0.0202979 -0.0125825
3480 1034.36 1.5 335 665
3.10324 7.17067 1037.66 2080.4 1037.66 1040.2 2 201 56 145 -0.0149691 -0.12731 0.033638 -0.00620355 -0.0121229
3490 1034.99 1.5 335 665
3.11729 7.19118 1038.82 2080.4 1038.82 1040.2 1 201 63 138 -0.0142574 -0.200289 0.0581904 -0.0147276 -0.0104118
3500 1038.73 1.5 334 666
3.13568 7.2699 1043.3 2094.4 1043.3 1047.2 2 236 63 173 -0.0215004 -0.196557 0.0592704 -0.00815098 -0.0183141
3510 1036.76 1.5 336 664
3.12952 7.23895 1038.39 2084 1038.39 1042 3 210 62 148 -0.0121248 -0.216572 0.0712861 -0.0176011 -0.0111899
3520 1036.48 1.5 334 666
3.13439 7.2809 1040.12 2090 1040.12 1045 0 225 70 155 -0.0206777 -0.215133 0.0717783 -0.0153032 -0.0120664
3530 1036.22 1.5 334 666
3.13431 7.26024 1039.25 2080.8 1039.25 1040.4 1 202 63 139 -0.0114014 -0.250862 0.0826257 -0.00576721 -0.0137508
3540 1034.62 1.5 334 666
3.13613 7.24905 1037.68 2074 1037.68 1037 0 185 63 122 -0.00782904 -0.133285 0.0392998 -0.0206732 -0.00447766
3550 1035.91 1.5 334 666
3.14466 7.28089 1039.05 2081.6 1039.05 1040.8 2 204 57 147 -0.0129234 -0.125678 0.0386231 -0.00853886 -0.00877394
3560 1038.85 1.5 334 666
3.15752 7.3268 1040.99 2087.6 1040.99 1043.8 2 219 67 152 -0.0120416 -0.106886 0.0233566 -0.0114631 -0.0106135
3570 1041.96 1.5 334 666
3.17819 7.34453 1043.24 2089.2 1043.24 1044.6 3 223 65 158 -0.00654919 -0.11992 0.0227682 -0.0166469 -0.0157401
3580 1041.38 1.5 335 665
3.18955 7.34629 1043.38 2087.6 1043.38 1043.8 1 219 55 164 -0.00685113 -0.147609 0.0461197 -0.00945335 -0.0118245
3590 1036.86 1.5 336 664
3.18857 7.35027 1039.95 2082 1039.95 1041 2 205 61 144 -0.0113651 -0.187347 0.0587857 -0.0197327 -0.0104624
3600 1037.05 1.5 338 662
3.20027 7.35223 1039.44 2076.4 1039.44 1038.2 0 191 43 148 -0.00470276 -0.211117 0.065313 -0.0196625 -0.00988998
3610 1038 1.5 338 662
3.20803 7.40559 1040.54 2086.4 1040.54 1043.2 2 216 49 167 -0.0129448 -0.151799 0.0419054 -0.0157572 -0.0129236
3620 1030.09 1.5 337 663
3.18767 7.37546 1032.46 2074.4 1032.46 1037.2 2 186 42 144 -0.016602 -0.179096 0.0483855 -0.0123158 -0.0140859
3630 1032.07 1.5 338 662
3.20415 7.35862 1035.83 2068 1035.83 1034 0 170 41 129 -0.00763248 -0.183213 0.0590755 -0.0191807 -0.0034474
3640 1038.14 1.5 336 664
3.22709 7.45372 1040.85 2088 1040.85 1044 0 220 55 165 -0.0144459 -0.167711 0.0396662 -0.0115159 -0.01345
3650 1036.08 1.5 334 666
3.23019 7.45596 1039.68 2083.6 1039.68 1041.8 1 209 55 154 -0.0150366 -0.216595 0.0708335 0.000476989 -0.0142919
3660 1026.63 1.5 336 664
3.20873 7.37571 1030.06 2058.8 1030.06 1029.4 2 147 37 110 -0.00896504 -0.277614 0.0971544 -0.0113621 -0.00822619
3670 1029.77 1.5 337 663
3.22004 7.45667 1031.46 2072.8 1031.46 1036.4 2 182 42 140 -0.0149475 -0.164547 0.0459984 -0.0181211 -0.0109631
3680 1032.28 1.5 337 663
3.23602 7.49032 1033.81 2074 1033.81 1037 1 185 41 144 -0.01096 -0.260811 0.0808674 -0.0111985 -0.00993496
3690 1037.45 1.5 338 662
3.26755 7.53972 1042.23 2081.6 1042.23 1040.8 1 204 37 167 -0.0114796 -0.2544 0.0865429 -0.011268 -0.0169933
3700 1037.35 1.5 339 661
3.26533 7.53295 1040.13 2077.2 1040.13 1038.6 1 193 40 153 -0.00528956 -0.190307 0.0619847 -0.0162762 -0.00742113
3710 1041.72 1.5 339 661
3.27996 7.58218 1043.49 2085.2 1043.49 1042.6 2 213 53 160 -0.00354418 -0.194665 0.0606681 -0.0226521 -0.00591821
3720 1033.9 1.5 338 662
3.25979 7.56096 1035.92 2073.6 1035.92 1036.8 4 184 35 149 -0.00780523 -0.196675 0.0634412 -0.0105953 -0.00995526
3730 1028.74 1.5 339 661
3.26418 7.56502 1032.37 2069.6 1032.37 1034.8 2 174 27 147 -0.0157505 -0.197112 0.0539891 -0.0201855 -0.0109175
3740 1028.55 1.5 339 661
3.2643 7.56505 1031.36 2063.2 1031.36 1031.6 0 158 37 121 -0.00890292 -0.138329 0.0360778 -0.0215676 -0.00639004
3750 1028.74 1.5 336 664
3.26686 7.59146 1032.6 2064.4 1032.6 1032.2 3 161 33 128 -0.0107855 -0.163785 0.0407054 -0.0155643 -0.00935231
3760 1032.98 1.5 337 663
3.2809 7.63141 1034.31 2072.8 1034.31 1036.4 5 182 46 136 -0.00816916 -0.0668448 0.00671415 -0.0166301 -0.00937915
3770 1032.61 1.5 337 663
3.28742 7.67467 1035.3 2080 1035.3 1040 0 200 46 154 -0.0174572 -0.0977427 0.0215831 -0.012353 -0.00706191
3780 1033.66 1.5 337 663
3.30898 7.71311 1039.47 2085.2 1039.47 1042.6 1 213 53 160 -0.0237026 -0.166592 0.0475777 -0.0155859 -0.00818109
3790 1035.48 1.5 336 664
3.31582 7.72709 1038.08 2082.8 1038.08 1041.4 2 207 51 156 -0.014453 -0.142602 0.03711 -0.0161545 -0.0144255
3800 1035.29 1.5 338 662
3.33481 7.76508 1039.65 2087.6 1039.65 1043.8 2 219 57 162 -0.0213849 -0.113255 0.0213298 -0.0249477 -0.0121696
3810 1040.07 1.5 338 662
3.34729 7.78213 1042.91 2090.4 1042.91 1045.2 1 226 62 164 -0.0130861 -0.112379 0.0292236 -0.023718 -0.00492131
3820 1043.08 1.5 338 662
3.36241 7.83679 1047.08 2098.8 1047.08 1049.4 1 247 58 189 -0.0166359 -0.0973906 0.0266409 -0.0103607 -0.00805512
3830 1051.76 1.5 338 662
3.38422 7.87644 1051.76 2105.6 1051.76 1052.8 1 264 70 194 -0.0020713 -0.087708 0.0208088 -0.0180399 -0.00902464
3840 1045.85 1.5 338 662
3.3784 7.86676 1048.08 2098 1048.08 1049 1 245 62 183 -0.00853567 -0.13392 0.0461468 -0.0165143 -0.00726925
3850 1044.33 1.5 337 663
3.37761 7.87132 1045.94 2094 1045.94 1047 0 235 55 180 -0.00693908 -0.127884 0.0353504 -0.0167717 -0.00980198
3860 1044.71 1.5 339 661
3.39408 7.91411 1047.29 2101.6 1047.29 1050.8 2 254 53 201 -0.0147663 -0.160621 0.0521568 -0.0150883 -0.00831744
3870 1037.89 1.5 339 661
3.37898 7.86925 1040.73 2084.8 1040.73 1042.4 2 212 49 163 -0.0118596 -0.186909 0.0700677 -0.0185138 -0.00424366
3880 1036.35 1.5 339 661
3.37991 7.87753 1038.7 2083.2 1038.7 1041.6 1 208 38 170 -0.0128459 -0.22187 0.0826723 -0.0133944 -0.0113461
3890 1039.35 1.5 339 661
3.39497 7.91136 1041.35 2090 1041.35 1045 2 225 44 181 -0.0133048 -0.277818 0.0943144 -0.0148463 -0.0101518
3900 1033.21 1.5 340 660
3.38931 7.86836 1037.14 2077.2 1037.14 1038.6 1 193 44 149 -0.0147142 -0.266778 0.0947341 -0.0132734 -0.00518534
3910 1027.4 1.5 340 660
3.36868 7.86217 1030.39 2067.6 1030.39 1033.8 1 169 31 138 -0.0157886 -0.267461 0.102939 -0.0197424 -0.00671531
3920 1026.2 1.5 339 661
3.36298 7.82898 1027.83 2056 1027.83 1028 4 140 26 114 -0.00521701 -0.30671 0.0974867 -0.022017 -0.00693932
3930 1028.8 1.5 338 662
3.37808 7.85939 1031.57 2059.2 1031.57 1029.6 1 148 38 110 -0.00435653 -0.289548 0.0936788 -0.0139313 -0.00710037
3940 1020.98 1.5 338 662
3.35495 7.82263 1022.85 2045.2 1022.85 1022.6 3 113 33 80 -0.00510084 -0.241321 0.0735716 -0.0267442 0.00111659
3950 1030.47 1.5 338 662
3.39317 7.93944 1032.84 2070.4 1032.84 1035.2 1 176 48 128 -0.0118134 -0.227792 0.0594638 -0.0337898 -0.000969854
3960 1036.61 1.5 338 662
3.41356 7.98508 1038.04 2077.6 1038.04 1038.8 0 194 50 144 -0.00582193 -0.229281 0.0606327 -0.0248673 -0.00563535
3970 1032.34 1.5 338 662
3.41179 7.9929 1035.75 2075.2 1035.75 1037.6 1 188 38 150 -0.0139328 -0.202843 0.0635094 -0.0134482 -0.0106593
3980 1030.91 1.5 338 662
3.40463 7.98573 1032.7 2067.6 1032.7 1033.8 2 169 38 131 -0.00757438 -0.253502 0.0892958 -0.0161861 -0.0111586
3990 1023.77 1.5 337 663
3.39493 7.97 1028.1 2056.4 1028.1 1028.2 1 141 35 106 -0.0131891 -0.212434 0.0632441 -0.0175158 -0.0100523
4000 1029.43 1.5 336 664
3.41408 8.05185 1031.61 2073.6 1031.61 1036.8 4 184 52 132 -0.0169239 -0.181858 0.0469465 -0.0189389 -0.0106843
4010 1037.43 1.5 336 664
3.44191 8.0967 1038.34 2081.6 1038.34 1040.8 0 204 55 149 -0.00764196 -0.170902 0.0444622 -0.0107907 -0.0102861
4020 1038.51 1.5 337 663
3.45071 8.11933 1039.89 2085.2 1039.89 1042.6 1 213 51 162 -0.00957116 -0.158198 0.0494217 -0.0112678 -0.00835191
4030 1040.73 1.5 337 663
3.46455 8.13659 1042.45 2088 1042.45 1044 3 220 50 170 -0.00827688 -0.174779 0.0528306 -0.0109266 -0.00985694
4040 1042.47 1.5 338 662
3.47398 8.15004 1043.77 2088.8 1043.77 1044.4 1 222 58 164 -0.00515126 -0.139893 0.043382 -0.0145808 -0.00481862
4050 1039 1.5 337 663
3.47014 8.17034 1042.17 2088.4 1042.17 1044.2 2 221 59 162 -0.0135685 -0.0902307 0.0238499 -0.0125834 -0.00718664
4060 1039.42 1.5 337 663
3.47936 8.19411 1042.41 2089.2 1042.41 1044.6 3 223 57 166 -0.0133633 -0.0990882 0.0237257 -0.0175529 -0.00864161
4070 1044.39 1.5 336 664
3.49941 8.2454 1045.63 2099.2 1045.63 1049.6 2 248 66 182 -0.0116517 -0.0752796 0.0183482 -0.0130175 -0.00750943
4080 1043.35 1.5 336 664
3.50827 8.24418 1046.25 2094 1046.25 1047 3 235 66 169 -0.0101995 -0.182165 0.0601195 -0.00592204 -0.0108195
4090 1036.26 1.5 337 663
3.49231 8.19584 1040.25 2082 1040.25 1041 2 205 45 160 -0.0134804 -0.213109 0.0815067 -0.00794954 -0.00811072
4100 1034.47 1.5 338 662
3.48768 8.19212 1038.23 2074.4 1038.23 1037.2 2 186 39 147 -0.00922206 -0.264036 0.0983258 -0.00845788 -0.0097232
4110 1039.42 1.5 339 661
3.50697 8.22668 1041.99 2082.8 1041.99 1041.4 2 207 44 163 -0.00653583 -0.281997 0.0918285 -0.0126775 -0.010665
4120 1037.83 1.5 338 662
3.50585 8.24805 1039.86 2081.6 1039.86 1040.8 0 204 49 155 -0.00797718 -0.22938 0.0788723 -0.0129691 -0.00833934
4130 1035.39 1.5 338 662
3.5021 8.22166 1037.63 2072.4 1037.63 1036.2 3 181 45 136 -0.00386913 -0.173669 0.0624909 -0.0144657 -0.0070219
4140 1036.64 1.5 338 662
3.50897 8.26948 1038.03 2080.4 1038.03 1040.2 1 201 42 159 -0.00850606 -0.17316 0.0507385 -0.0107427 -0.0095271
4150 1038.44 1.5 338 662
3.52237 8.28286 1040.65 2081.6 1040.65 1040.8 1 204 44 160 -0.00693626 -0.209865 0.0617375 -0.0108477 -0.0115664
4160 1030.69 1.5 337 663
3.49923 8.24306 1032.83 2068.8 1032.83 1034.4 1 172 46 126 -0.00956737 -0.22087 0.0734335 -0.010187 -0.00790956
4170 1026.24 1.5 336 664
3.48542 8.24262 1028.36 2062.4 1028.36 1031.2 2 156 39 117 -0.0120447 -0.195683 0.0557683 -0.0135148 -0.0118007
4180 1026.89 1.5 336 664
3.49365 8.25015 1029.28 2062 1029.28 1031 1 155 42 113 -0.0105955 -0.120976 0.0287015 -0.0177693 -0.00594089
4190 1032.91 1.5 335 665
3.51395 8.3262 1034.34 2078 1034.34 1039 4 195 61 134 -0.0136023 -0.135931 0.0294139 -0.0267397 -0.00619857
4200 1036.21 1.5 335 665
3.53224 8.3673 1038.42 2083.6 1038.42 1041.8 1 209 54 155 -0.013376 -0.224615 0.0732576 -0.0109613 -0.0101842
4210 1035.26 1.5 334 666
3.53317 8.376 1038.13 2081.2 1038.13 1040.6 2 203 56 147 -0.0135384 -0.227917 0.079115 -0.00265673 -0.0135688
4220 1032.44 1.5 334 666
3.52939 8.33618 1036.02 2068.8 1036.02 1034.4 1 172 50 122 -0.00750648 -0.330053 0.114505 0.000758858 -0.014017
4230 1026.38 1.5 334 666
3.50584 8.3169 1028.72 2058.4 1028.72 1029.2 3 146 50 96 -0.00798996 -0.21688 0.0722458 -0.00852408 -0.0118414
4240 1028.76 1.5 334 666
3.51716 8.37621 1030.42 2067.6 1030.42 1033.8 0 169 44 125 -0.0117463 -0.275923 0.0754077 -0.0136567 -0.0123328
4250 1029.27 1.5 336 664
3.5212 8.36163 1030.1 2060.8 1030.1 1030.4 1 152 33 119 -0.00307507 -0.303752 0.0972029 -0.00636947 -0.0128222
4260 1032.22 1.5 336 664
3.53898 8.41268 1033.91 2072 1033.91 1036 1 180 37 143 -0.00924425 -0.167643 0.0453265 -0.00974847 -0.0095543
4270 1029.52 1.5 338 662
3.53685 8.40325 1031.44 2070.4 1031.44 1035.2 4 176 40 136 -0.0132851 -0.138319 0.0341484 -0.0142108 -0.00941808
4280 1036.76 1.5 337 663
3.56251 8.46206 1037.99 2081.2 1037.99 1040.6 1 203 50 153 -0.00890203 -0.117452 0.0277845 -0.0165187 -0.00818506
4290 1037.4 1.5 337 663
3.5686 8.47044 1038.38 2077.2 1038.38 1038.6 0 193 45 148 -0.0033698 -0.139861 0.0397167 -0.00959917 -0.00861832
4300 1041.44 1.5 338 662
3.58841 8.55304 1043.26 2094.4 1043.26 1047.2 1 236 57 179 -0.0133438 -0.110588 0.0264882 -0.0129888 -0.011336
4310 1046.27 1.5 336 664
3.61424 8.58342 1049.84 2097.2 1049.84 1048.6 2 243 62 181 -0.00824746 -0.193815 0.06918 -0.00775347 -0.010713
4320 1038.97 1.5 337 663
3.59394 8.5275 1041.71 2080.8 1041.71 1040.4 0 202 63 139 -0.00561105 -0.161781 0.0654352 -0.015606 -0.0050953
4330 1030.05 1.5 337 663
3.56784 8.49291 1033.05 2067.6 1033.05 1033.8 1 169 50 119 -0.0105015 -0.169744 0.0554412 -0.0121621 -0.00666422
4340 1030.26 1.5 336 664
3.56756 8.51201 1031.8 2069.2 1031.8 1034.6 0 173 46 127 -0.0102319 -0.17465 0.0562335 -0.0140598 -0.00451373
4350 1026.49 1.5 336 664
3.55847 8.5009 1027.97 2064 1027.97 1032 3 160 45 115 -0.0124909 -0.214505 0.0681889 -0.0201244 -0.00122184
4360 1028.4 1.5 335 665
3.57306 8.51727 1031.3 2064.4 1031.3 1032.2 2 161 48 113 -0.0105111 -0.15255 0.0367883 -0.0141697 -0.0104292
4370 1026.84 1.5 335 665
3.5768 8.51403 1030.97 2059.6 1030.97 1029.8 3 149 40 109 -0.010047 -0.219139 0.0621406 -0.0107472 -0.0111154
4380 1030.92 1.5 335 665
3.58936 8.56663 1033.58 2070 1033.58 1035 1 175 47 128 -0.0108108 -0.179578 0.0545862 -0.0125063 -0.00915418
4390 1022.82 1.5 336 664
3.56254 8.51385 1025.08 2056 1025.08 1028 0 140 47 93 -0.0126287 -0.2311 0.0657733 -0.0188045 -0.0040972
4400 1022.61 1.5 336 664
3.55974 8.51702 1023.55 2052 1023.55 1026 1 130 33 97 -0.00771348 -0.169429 0.0468793 -0.0135723 -0.00429779
4410 1028.77 1.5 335 665
3.58335 8.59085 1030.3 2066.4 1030.3 1033.2 4 166 39 127 -0.010385 -0.195024 0.0509138 -0.00920264 -0.0101502
4420 1035.2 1.5 333 667
3.61198 8.66152 1037.03 2080 1037.03 1040 1 200 60 140 -0.0114368 -0.17125 0.039045 -0.0117268 -0.0128536
4430 1031.63 1.5 335 665
3.6087 8.62494 1033.63 2065.6 1033.63 1032.8 0 164 47 117 -0.00433374 -0.160568 0.0520442 -0.00915417 -0.0050489
4440 1034.48 1.5 334 666
3.62701 8.67369 1038.09 2074 1038.09 1037 1 185 63 122 -0.00863923 -0.208139 0.0691829 -0.0106459 -0.00779091
4450 1039.33 1.5 335 665
3.64754 8.73416 1042.66 2084 1042.66 1042 1 210 53 157 -0.00866983 -0.233251 0.0774913 -0.0101882 -0.0101126
4460 1036.67 1.5 336 664
3.6374 8.73101 1038.45 2081.6 1038.45 1040.8 1 204 54 150 -0.010045 -0.252666 0.0802214 -0.00822099 -0.00988397
4470 1034.61 1.5 336 664
3.6456 8.74449 1038.1 2080.8 1038.1 1040.4 5 202 47 155 -0.0150618 -0.230968 0.0815088 -0.0166639 -0.00905155
4480 1033.66 1.5 337 663
3.64807 8.73593 1038.4 2075.6 1038.4 1037.8 2 189 42 147 -0.0130256 -0.236052 0.0772173 -0.011055 -0.0121049
4490 1033.69 1.5 337 663
3.64426 8.72 1036.26 2069.2 1036.26 1034.6 1 173 42 131 -0.00438112 -0.191401 0.058726 -0.0103547 -0.00990858
4500 1026.53 1.5 337 663
3.62748 8.71858 1029.45 2068 1029.45 1034 0 170 37 133 -0.017873 -0.171102 0.0499375 -0.0138217 -0.00566974
4510 1035.19 1.5 337 663
3.66354 8.78318 1038.15 2078.4 1038.15 1039.2 1 196 47 149 -0.0109632 -0.169121 0.0442091 -0.00939501 -0.0112378
4520 1033.14 1.5 337 663
3.65478 8.77855 1034.56 2074.8 1034.56 1037.4 3 187 56 131 -0.00995451 -0.11811 0.0342535 -0.0199783 -0.00413573
4530 1036.71 1.5 337 663
3.67081 8.80549 1038.47 2079.2 1038.47 1039.6 4 198 48 150 -0.00754748 -0.171041 0.0506507 -0.0157 -0.00791166
4540 1040.62 1.5 336 664
3.68637 8.86282 1042.05 2091.2 1042.05 1045.6 1 228 54 174 -0.0113967 -0.187426 0.0608797 -0.00478178 -0.00910557
4550 1038.56 1.5 335 665
3.68573 8.83608 1041.19 2080.8 1041.19 1040.4 2 202 64 138 -0.00631192 -0.187997 0.0635238 -0.00786046 -0.00717552
4560 1034.61 1.5 335 665
3.66924 8.81125 1035.04 2071.2 1035.04 1035.6 1 178 49 129 -0.00240597 -0.150079 0.053955 -0.00796954 -0.00996066
4570 1035.69 1.5 337 663
3.68959 8.83909 1036.91 2074.8 1036.91 1037.4 1 187 58 129 -0.00463115 -0.16952 0.045032 -0.0224371 -0.00513555
4580 1034.96 1.5 337 663
3.698 8.86785 1038.84 2076.4 1038.84 1038.2 0 191 57 134 -0.0103506 -0.19693 0.0600842 -0.0260221 -0.00197758
4590 1034.95 1.5 336 664
3.69652 8.87826 1036.63 2074.4 1036.63 1037.2 1 186 41 145 -0.0061787 -0.144996 0.0438981 -0.0130334 -0.0100766
4600 1030.03 1.5 337 663
3.68652 8.88439 1032.08 2072.8 1032.08 1036.4 1 182 44 138 -0.0147988 -0.147435 0.0403835 -0.0128563 -0.00904221
4610 1037.99 1.5 336 664
3.71774 8.9573 1039.34 2084 1039.34 1042 1 210 46 164 -0.00937158 -0.249448 0.0812757 -0.00984253 -0.0100856
4620 1036.11 1.5 337 663
3.71344 8.95192 1037.75 2079.6 1037.75 1039.8 0 199 45 154 -0.00901447 -0.23053 0.076682 -0.0118891 -0.0094305
4630 1032.21 1.5 337 663
3.70863 8.93435 1034.51 2070 1034.51 1035 1 175 40 135 -0.00786695 -0.282838 0.096358 -0.0113853 -0.0101636
4640 1030.34 1.5 337 663
3.70598 8.94386 1032.16 2066 1032.16 1033 2 165 39 126 -0.00713627 -0.246635 0.0823843 -0.00991393 -0.0126308
4650 1030.75 1.5 338 662
3.71863 8.97912 1033.21 2073.6 1033.21 1036.8 2 184 44 140 -0.0145671 -0.204575 0.0677017 -0.0195518 -0.00291127
4660 1034.63 1.5 338 662
3.73255 9.02481 1036.94 2081.6 1036.94 1040.8 0 204 39 165 -0.0146695 -0.288318 0.0965556 -0.0121539 -0.0078195
4670 1028.19 1.5 338 662
3.71277 8.96384 1029.9 2062 1029.9 1031 3 155 31 124 -0.00732305 -0.276276 0.0945137 -0.0113573 -0.00994087
4680 1032.94 1.5 338 662
3.73566 9.05047 1035.45 2077.2 1035.45 1038.6 0 193 40 153 -0.013825 -0.233383 0.0732981 -0.00900112 -0.0106898
4690 1037.77 1.5 340 660
3.75217 9.08991 1038.87 2086.8 1038.87 1043.4 1 217 43 174 -0.0123584 -0.191686 0.0541665 -0.016626 -0.00994052
4700 1036.83 1.5 338 662
3.75753 9.07257 1039.5 2078.8 1039.5 1039.4 3 197 49 148 -0.00781396 -0.13987 0.0388216 -0.0230899 -0.00703718
4710 1037.86 1.5 338 662
3.76014 9.09012 1038.87 2080 1038.87 1040 0 200 51 149 -0.00529539 -0.130691 0.0366203 -0.0221668 -0.00311944
4720 1035.98 1.5 338 662
3.75374 9.10181 1036.35 2080.8 1036.35 1040.4 3 202 56 146 -0.00919253 -0.114797 0.0294542 -0.0260086 -0.000189977
4730 1036.29 1.5 338 662
3.76931 9.15535 1039.6 2086.4 1039.6 1043.2 1 216 61 155 -0.017145 -0.154065 0.045265 -0.0248567 -0.00444582
4740 1039.57 1.5 338 662
3.76848 9.19071 1040.32 2086.8 1040.32 1043.4 3 217 54 163 -0.00840285 -0.11157 0.0309141 -0.0150173 -0.00698806
4750 1046.04 1.5 336 664
3.79864 9.27508 1048.16 2101.2 1048.16 1050.6 2 253 69 184 -0.0112387 -0.0876753 0.0216545 -0.0044271 -0.0135557
4760 1048.64 1.5 337 663
3.81689 9.29488 1050.81 2103.2 1050.81 1051.6 0 258 69 189 -0.00809897 -0.12314 0.0409416 -0.0146389 -0.00727968
4770 1044.64 1.5 336 664
3.80508 9.27722 1046.83 2096 1046.83 1048 1 240 69 171 -0.00892569 -0.0561826 0.0129558 -0.0123846 -0.00660398
4780 1046.62 1.5 335 665
3.81532 9.30504 1048.56 2100 1048.56 1050 0 250 72 178 -0.00868805 -0.0939269 0.0269204 -0.00488965 -0.0108457
4790 1043.83 1.5 336 664
3.81407 9.30448 1046.33 2096.4 1046.33 1048.2 4 241 72 169 -0.0112339 -0.0970163 0.0253377 -0.0185788 -0.00900976
4800 1040.12 1.5 335 665
3.80579 9.30112 1042.74 2089.2 1042.74 1044.6 3 223 64 159 -0.0115829 -0.105968 0.0239476 -0.0171433 -0.0114215
4810 1044.87 1.5 335 665
3.82778 9.35743 1048.16 2098.4 1048.16 1049.2 1 246 67 179 -0.0119388 -0.0628453 0.0120472 -0.0094055 -0.0105941
4820 1045.26 1.5 336 664
3.83085 9.36951 1047.25 2099.2 1047.25 1049.6 1 248 76 172 -0.0106719 -0.0921062 0.0272034 -0.0128102 -0.00555524
4830 1047 1.5 336 664
3.83796 9.4211 1049.51 2105.2 1049.51 1052.6 0 263 83 180 -0.0137134 -0.0951364 0.0244284 -0.0172848 -0.00902418
4840 1045.06 1.5 335 665
3.82852 9.40256 1046.53 2096 1046.53 1048 0 240 61 179 -0.00736298 -0.145068 0.0512373 -0.000426585 -0.0163138
4850 1039.98 1.5 336 664
3.82284 9.38099 1043.35 2090.8 1043.35 1045.4 0 227 59 168 -0.0141911 -0.130655 0.0500121 -0.00689046 -0.00744622
4860 1041.2 1.5 336 664
3.82954 9.39657 1042.55 2092 1042.55 1046 1 230 63 167 -0.0109347 -0.179822 0.0611295 -0.00794754 -0.00878799
4870 1041.19 1.5 337 663
3.84847 9.39915 1044.93 2090 1044.93 1045 2 225 64 161 -0.0113524 -0.139818 0.0485628 -0.0134573 -0.00627846
4880 1039.85 1.5 336 664
3.84469 9.40973 1043.48 2086 1043.48 1043 2 215 60 155 -0.00994312 -0.149261 0.0519921 -0.0133985 -0.00826316
4890 1041.29 1.5 336 664
3.83973 9.44941 1042.76 2089.2 1042.76 1044.6 0 223 61 162 -0.00808869 -0.103564 0.0290248 -0.0127929 -0.00872056
4900 1036.12 1.5 336 664
3.82455 9.40341 1038.19 2076 1038.19 1038 1 190 52 138 -0.00582768 -0.15581 0.0496554 -0.00916681 -0.010006
4910 1037.34 1.5 337 663
3.82984 9.43249 1037.71 2080 1037.71 1040 0 200 49 151 -0.00569048 -0.0933814 0.0236185 -0.012163 -0.00778214
4920 1037.61 1.5 337 663
3.83794 9.43702 1038.5 2076 1038.5 1038 0 190 50 140 -0.00166584 -0.155759 0.0490484 -0.0110867 -0.00348187
4930 1037.56 1.5 336 664
3.84553 9.51434 1040.21 2088 1040.21 1044 2 220 59 161 -0.0155198 -0.193983 0.0644645 -0.00932629 -0.0102935
4940 1032.56 1.5 339 661
3.83504 9.46146 1033.74 2072.8 1033.74 1036.4 4 182 48 134 -0.00886052 -0.266966 0.090623 -0.0287067 0.000347284
4950 1034.6 1.5 338 662
3.85074 9.53435 1037.54 2080.8 1037.54 1040.4 2 202 36 166 -0.0145493 -0.255704 0.0858722 -0.0163673 -0.010012
4960 1032.2 1.5 338 662
3.84505 9.53859 1034.41 2077.2 1034.41 1038.6 0 193 47 146 -0.0149949 -0.221598 0.065189 -0.00972802 -0.0122284
4970 1031.15 1.5 338 662
3.84388 9.50114 1033.48 2066 1033.48 1033 0 165 39 126 -0.0060393 -0.170335 0.0532892 -0.0162652 -0.00814678
4980 1035.57 1.5 337 663
3.85462 9.53654 1036.58 2071.6 1036.58 1035.8 1 179 50 129 -0.0014817 -0.179178 0.0539829 -0.0190753 -0.00418603
4990 1036.17 1.5 337 663
3.86454 9.57911 1039.28 2078.4 1039.28 1039.2 4 196 46 150 -0.00915444 -0.238533 0.0778719 -0.0153466 -0.00741594
